        Estimate Std. Error  t-value  Pr(>|t|)    
1001  -0.1151400  0.0279999  -4.1122 3.920e-05 ***
1002  -0.1176321  0.0279615  -4.2069 2.589e-05 ***
1003  -0.1225395  0.0279512  -4.3840 1.165e-05 ***
1004  -0.0549425  0.0279118  -1.9684 0.0490186 *  
1051  -0.1447532  0.0279454  -5.1799 2.220e-07 ***
1053  -0.1330661  0.0278989  -4.7696 1.846e-06 ***
1054  -0.1142720  0.0280194  -4.0783 4.536e-05 ***
1055  -0.1259319  0.0279069  -4.5126 6.404e-06 ***
1056  -0.1778786  0.0278952  -6.3767 1.810e-10 ***
1057  -0.1646719  0.0279284  -5.8962 3.719e-09 ***
1058  -0.1378120  0.0279444  -4.9316 8.154e-07 ***
1059  -0.1538682  0.0280028  -5.4947 3.913e-08 ***
1060  -0.1257665  0.0279187  -4.5047 6.646e-06 ***
1061  -0.1314978  0.0279090  -4.7117 2.457e-06 ***
1062  -0.1304308  0.0278985  -4.6752 2.937e-06 ***
3103   0.0466669  0.0319133   1.4623 0.1436580    
3151   0.0944830  0.0279269   3.3832 0.0007164 ***
3152   0.1403858  0.0278807   5.0352 4.773e-07 ***
3153   0.1673496  0.0287835   5.8141 6.097e-09 ***
3154   0.0928188  0.0288128   3.2214 0.0012755 ** 
3155   0.1450956  0.0279001   5.2005 1.987e-07 ***
3156   0.1122043  0.0278793   4.0246 5.706e-05 ***
3157   0.1226267  0.0287928   4.2589 2.054e-05 ***
3158   0.1976687  0.0363972   5.4309 5.608e-08 ***
3241   0.0757295  0.0279149   2.7129 0.0066703 ** 
3251   0.0532703  0.0278823   1.9105 0.0560640 .  
3252   0.1128035  0.0278921   4.0443 5.249e-05 ***
3254   0.1026946  0.0279221   3.6779 0.0002352 ***
3255   0.1032734  0.0279150   3.6996 0.0002160 ***
3256   0.0380794  0.0278888   1.3654 0.1721261    
3257   0.0856167  0.0278818   3.0707 0.0021356 ** 
3351   0.0717115  0.0279231   2.5682 0.0102235 *  
3352   0.0663811  0.0279418   2.3757 0.0175162 *  
3353   0.0252625  0.0278862   0.9059 0.3649819    
3354   0.0443291  0.0279033   1.5887 0.1121356    
3355  -0.0200710  0.0279184  -0.7189 0.4721927    
3356   0.0423330  0.0279154   1.5165 0.1293996    
3357   0.0258015  0.0278873   0.9252 0.3548580    
3358   0.0044678  0.0278925   0.1602 0.8727396    
3359   0.0647160  0.0278744   2.3217 0.0202493 *  
3360   0.0685898  0.0279153   2.4571 0.0140077 *  
3361   0.0397666  0.0279291   1.4238 0.1544926    
3404   0.0179949  0.0306958   0.5862 0.5577187    
3451   0.0351015  0.0278827   1.2589 0.2080669    
3452   0.0628824  0.0279265   2.2517 0.0243404 *  
3453   0.0360832  0.0278976   1.2934 0.1958673    
3454   0.0116275  0.0279051   0.4167 0.6769127    
3455   0.0232697  0.0279322   0.8331 0.4048018    
3456   0.0454838  0.0279195   1.6291 0.1032905    
3457   0.0506124  0.0279089   1.8135 0.0697570 .  
3458   0.0167802  0.0278643   0.6022 0.5470349    
3459   0.0298524  0.0278760   1.0709 0.2842135    
3460   0.0238764  0.0279115   0.8554 0.3923109    
3461   0.0129399  0.0279305   0.4633 0.6431578    
3462   0.0450622  0.0279343   1.6131 0.1067120    
5116   0.2000439  0.0279666   7.1530 8.493e-13 ***
5119   0.1857445  0.0319655   5.8108 6.218e-09 ***
5154   0.1239927  0.0279259   4.4401 8.993e-06 ***
5158   0.1048427  0.0279306   3.7537 0.0001743 ***
5162   0.0069954  0.0279858   0.2500 0.8026166    
5166  -0.0118449  0.0280149  -0.4228 0.6724350    
5170   0.1542062  0.0279510   5.5170 3.448e-08 ***
5316  -0.3433678  0.0289034 -11.8798 < 2.2e-16 ***
5358   0.0833782  0.0279117   2.9872 0.0028153 ** 
5362   0.1251023  0.0279706   4.4726 7.726e-06 ***
5366   0.0131329  0.0278767   0.4711 0.6375654    
5370   0.1711548  0.0279235   6.1294 8.820e-10 ***
5374  -0.0233060  0.0279127  -0.8350 0.4037396    
5382   0.0835917  0.0279415   2.9917 0.0027746 ** 
5515  -0.0401680  0.0287768  -1.3958 0.1627609    
5554   0.1045191  0.0278888   3.7477 0.0001785 ***
5558   0.0949332  0.0279140   3.4009 0.0006716 ***
5562   0.0248751  0.0279521   0.8899 0.3735081    
5566   0.0053484  0.0279049   0.1917 0.8480041    
5570  -0.0072239  0.0279171  -0.2588 0.7958184    
5711   0.0733214  0.0287225   2.5528 0.0106876 *  
5754  -0.0578157  0.0279010  -2.0722 0.0382491 *  
5758   0.1254642  0.0278735   4.5012 6.757e-06 ***
5762   0.1317807  0.0279104   4.7216 2.340e-06 ***
5766   0.0635737  0.0278773   2.2805 0.0225790 *  
5770   0.0563804  0.0278928   2.0213 0.0432460 *  
5774   0.0513081  0.0278962   1.8393 0.0658782 .  
5913   0.1811073  0.0296826   6.1015 1.051e-09 ***
5914   0.2638522  0.0363362   7.2614 3.830e-13 ***
5915   0.1529220  0.0279140   5.4783 4.294e-08 ***
5954   0.0095154  0.0287479   0.3310 0.7406472    
5958  -0.0597570  0.0280019  -2.1340 0.0328400 *  
5962  -0.0083074  0.0278745  -0.2980 0.7656824    
5966  -0.1813415  0.0279055  -6.4984 8.117e-11 ***
5970   0.0580386  0.0279462   2.0768 0.0378206 *  
5974   0.0796365  0.0279144   2.8529 0.0043325 ** 
5978   0.1043587  0.0279009   3.7403 0.0001838 ***
6411   0.0665387  0.0289901   2.2952 0.0217205 *  
6412   0.0841728  0.0291613   2.8865 0.0038961 ** 
6413   0.0883908  0.0365807   2.4163 0.0156782 *  
6414   0.1164191  0.0281180   4.1404 3.467e-05 ***
6431   0.0752643  0.0283317   2.6565 0.0078947 ** 
6432   0.1926829  0.0280803   6.8618 6.798e-12 ***
6433   0.0963676  0.0283299   3.4016 0.0006699 ***
6434   0.0552380  0.0279241   1.9781 0.0479124 *  
6435   0.0420298  0.0279189   1.5054 0.1322151    
6436   0.0982932  0.0281747   3.4887 0.0004854 ***
6437  -0.0412263  0.0279980  -1.4725 0.1408930    
6438   0.0929887  0.0289919   3.2074 0.0013394 ** 
6439   0.0819068  0.0279274   2.9328 0.0033587 ** 
6440   0.1421994  0.0279433   5.0889 3.602e-07 ***
6531   0.1339353  0.0279026   4.8001 1.586e-06 ***
6532   0.1118882  0.0287315   3.8943 9.849e-05 ***
6533   0.0588305  0.0278975   2.1088 0.0349610 *  
6534   0.1590950  0.0278584   5.7108 1.124e-08 ***
6535   0.1480466  0.0278950   5.3073 1.113e-07 ***
6611   0.1249039  0.0319008   3.9154 9.026e-05 ***
6631   0.1075620  0.0279383   3.8500 0.0001181 ***
6632   0.0973957  0.0279012   3.4907 0.0004817 ***
6633   0.1524005  0.0279170   5.4591 4.787e-08 ***
6634   0.1771994  0.0278756   6.3568 2.060e-10 ***
6635   0.1542888  0.0279090   5.5283 3.234e-08 ***
6636   0.1439347  0.0278993   5.1591 2.482e-07 ***
7132   0.0407254  0.0331407   1.2289 0.2191231    
7134  -0.0332713  0.0362860  -0.9169 0.3591852    
7137   0.0418145  0.0307470   1.3600 0.1738445    
7138   0.0830321  0.0319075   2.6023 0.0092607 ** 
7140   0.0555477  0.0346165   1.6047 0.1085691    
7141   0.0635442  0.0287421   2.2108 0.0270470 *  
7143   0.0988110  0.0296547   3.3321 0.0008621 ***
7231   0.0332172  0.0278973   1.1907 0.2337731    
7232   0.0289900  0.0278825   1.0397 0.2984708    
7235   0.0349896  0.0278817   1.2549 0.2095043    
7333   0.0050999  0.0307789   0.1657 0.8683978    
7336  -0.0477030  0.0279318  -1.7078 0.0876659 .  
7340   0.0160125  0.0297089   0.5390 0.5899008    
8115   0.0537506  0.0318513   1.6875 0.0914986 .  
8116   0.0310606  0.0279545   1.1111 0.2665201    
8117   0.0985431  0.0288231   3.4189 0.0006288 ***
8118   0.0800390  0.0280451   2.8539 0.0043181 ** 
8119   0.0020916  0.0280096   0.0747 0.9404727    
8125   0.0202652  0.0280346   0.7229 0.4697652    
8126   0.0372243  0.0279682   1.3310 0.1832052    
8127   0.0014600  0.0279264   0.0523 0.9583045    
8128   0.0117945  0.0279242   0.4224 0.6727513    
8135   0.0309439  0.0331549   0.9333 0.3506573    
8136   0.0265126  0.0279268   0.9494 0.3424364    
8215  -0.0236695  0.0335059  -0.7064 0.4799235    
8216  -0.0174810  0.0336319  -0.5198 0.6032221    
8225  -0.0328935  0.0279124  -1.1785 0.2386153    
8226  -0.0281367  0.0282410  -0.9963 0.3191015    
8235  -0.0112762  0.0331612  -0.3400 0.7338258    
8236   0.0816007  0.0279488   2.9197 0.0035042 ** 
8237   0.0464836  0.0279127   1.6653 0.0958484 .  
8315  -0.0169817  0.0334437  -0.5078 0.6116144    
8316  -0.0015665  0.0368034  -0.0426 0.9660490    
8317  -0.0178572  0.0313176  -0.5702 0.5685456    
8325   0.0015588  0.0279812   0.0557 0.9555751    
8326   0.0904716  0.0332160   2.7237 0.0064549 ** 
8327   0.0674690  0.0289034   2.3343 0.0195804 *  
8335   0.0218492  0.0279606   0.7814 0.4345518    
8336   0.0697197  0.0334098   2.0868 0.0369058 *  
8337   0.0269721  0.0279763   0.9641 0.3349939    
8415  -0.0574914  0.0288788  -1.9908 0.0465052 *  
8416   0.0201527  0.0331594   0.6078 0.5433528    
8417  -0.0072577  0.0279586  -0.2596 0.7951834    
8425   0.0581908  0.0279671   2.0807 0.0374628 *  
8426   0.0738540  0.0279572   2.6417 0.0082497 ** 
8435   0.0987565  0.0333167   2.9642 0.0030350 ** 
8436   0.0132118  0.0280277   0.4714 0.6373659    
8437   0.0476631  0.0280185   1.7011 0.0889191 .  
9161   0.0557144  0.0279366   1.9943 0.0461175 *  
9162   0.0961396  0.0281090   3.4202 0.0006257 ***
9163   0.1035368  0.0283668   3.6499 0.0002623 ***
9171   0.1069516  0.0280520   3.8126 0.0001375 ***
9172   0.1558118  0.0283859   5.4891 4.041e-08 ***
9173  -0.0292320  0.0286380  -1.0207 0.3073770    
9174   0.0377286  0.0279549   1.3496 0.1771368    
9175   0.1160509  0.0280774   4.1333 3.577e-05 ***
9176   0.1158708  0.0279373   4.1475 3.361e-05 ***
9177   0.1402833  0.0280144   5.0075 5.513e-07 ***
9178   0.0383816  0.0279802   1.3717 0.1701442    
9179   0.1258223  0.0280239   4.4898 7.128e-06 ***
9181   0.1020168  0.0280635   3.6352 0.0002777 ***
9182   0.1160799  0.0286902   4.0460 5.211e-05 ***
9183   0.1371327  0.0279987   4.8978 9.691e-07 ***
9184   0.0456921  0.0280990   1.6261 0.1039257    
9185   0.1031010  0.0279305   3.6913 0.0002231 ***
9186   0.0959936  0.0279364   3.4362 0.0005900 ***
9187   0.1617658  0.0281992   5.7365 9.664e-09 ***
9188   0.0643115  0.0281684   2.2831 0.0224239 *  
9189   0.1009586  0.0281545   3.5859 0.0003360 ***
9190   0.1665448  0.0283766   5.8691 4.382e-09 ***
9261   0.1248403  0.0279770   4.4622 8.110e-06 ***
9262   0.0953984  0.0280123   3.4056 0.0006602 ***
9263   0.1387146  0.0279579   4.9616 6.993e-07 ***
9271   0.1133924  0.0279880   4.0515 5.090e-05 ***
9272   0.0408112  0.0279814   1.4585 0.1446990    
9273   0.1064944  0.0279528   3.8098 0.0001391 ***
9274   0.1358594  0.0279282   4.8646 1.147e-06 ***
9275   0.0892855  0.0280026   3.1885 0.0014303 ** 
9276   0.0305966  0.0279461   1.0948 0.2735850    
9277   0.1369495  0.0279644   4.8973 9.718e-07 ***
9278   0.0833123  0.0279277   2.9831 0.0028531 ** 
9279   0.1119283  0.0279564   4.0037 6.237e-05 ***
9361   0.0753872  0.0278969   2.7023 0.0068852 ** 
9362   0.0896514  0.0279490   3.2077 0.0013381 ** 
9363   0.0937624  0.0279073   3.3598 0.0007800 ***
9371   0.0929855  0.0279497   3.3269 0.0008782 ***
9372   0.1035915  0.0279143   3.7111 0.0002064 ***
9373   0.0647268  0.0279171   2.3185 0.0204200 *  
9374   0.0617952  0.0279322   2.2123 0.0269437 *  
9375   0.0640836  0.0279076   2.2963 0.0216600 *  
9376   0.0514446  0.0279210   1.8425 0.0654014 .  
9377   0.1226217  0.0279624   4.3852 1.159e-05 ***
9461   0.0383530  0.0307431   1.2475 0.2122023    
9462   0.0756168  0.0279318   2.7072 0.0067854 ** 
9463   0.0832075  0.0279085   2.9814 0.0028690 ** 
9464   0.0474044  0.0279719   1.6947 0.0901300 .  
9471   0.0414785  0.0279121   1.4860 0.1372690    
9472   0.0646527  0.0279681   2.3117 0.0207965 *  
9473   0.0533000  0.0279183   1.9091 0.0562434 .  
9474   0.0777947  0.0279496   2.7834 0.0053794 ** 
9475   0.0501871  0.0279925   1.7929 0.0729924 .  
9476  -0.0243367  0.0279822  -0.8697 0.3844539    
9477   0.1481097  0.0279304   5.3028 1.140e-07 ***
9478   0.0672586  0.0279434   2.4070 0.0160859 *  
9479   0.0444483  0.0280503   1.5846 0.1130597    
9561   0.1172754  0.0279007   4.2033 2.630e-05 ***
9562   0.0097997  0.0279067   0.3512 0.7254676    
9563   0.0086013  0.0279399   0.3078 0.7581978    
9564   0.0409525  0.0279230   1.4666 0.1424796    
9565   0.0650509  0.0279010   2.3315 0.0197274 *  
9571   0.0796894  0.0278837   2.8579 0.0042643 ** 
9572   0.0059437  0.0278971   0.2131 0.8312807    
9573   0.0042214  0.0279034   0.1513 0.8797510    
9574   0.0510865  0.0279455   1.8281 0.0675385 .  
9575   0.0579075  0.0279037   2.0753 0.0379623 *  
9576   0.0624070  0.0279085   2.2361 0.0253433 *  
9577   0.1076539  0.0279299   3.8544 0.0001160 ***
9661   0.0683283  0.0280618   2.4349 0.0148950 *  
9662   0.0183094  0.0279983   0.6539 0.5131446    
9663   0.1466951  0.0279974   5.2396 1.609e-07 ***
9671   0.0736907  0.0279502   2.6365 0.0083766 ** 
9672  -0.0024427  0.0279304  -0.0875 0.9303071    
9673   0.0475900  0.0278977   1.7059 0.0880315 .  
9674   0.0437203  0.0279103   1.5665 0.1172418    
9675   0.0261408  0.0279419   0.9355 0.3495095    
9676   0.0529383  0.0279353   1.8950 0.0580883 .  
9677   0.0709573  0.0279347   2.5401 0.0110816 *  
9678   0.0629476  0.0279249   2.2542 0.0241853 *  
9679   0.1569335  0.0279325   5.6183 1.928e-08 ***
9761   0.1715374  0.0279568   6.1358 8.473e-10 ***
9762   0.1798330  0.0282324   6.3697 1.893e-10 ***
9764   0.1581893  0.0280471   5.6401 1.699e-08 ***
9771   0.1257172  0.0279529   4.4975 6.877e-06 ***
9772   0.1525140  0.0280193   5.4432 5.234e-08 ***
9773   0.1302683  0.0279337   4.6635 3.109e-06 ***
9774   0.1616804  0.0279527   5.7841 7.291e-09 ***
9775   0.1510933  0.0279372   5.4083 6.362e-08 ***
9777   0.1596995  0.0281118   5.6809 1.340e-08 ***
9778   0.1517311  0.0280395   5.4113 6.256e-08 ***
9779   0.1042687  0.0279090   3.7360 0.0001870 ***
10041 -0.0171763  0.0279109  -0.6154 0.5382922    
10042  0.0199738  0.0279298   0.7151 0.4745208    
10043 -0.0224304  0.0278839  -0.8044 0.4211554    
10044 -0.0074010  0.0279230  -0.2651 0.7909707    
10045 -0.0619690  0.0278994  -2.2212 0.0263400 *  
10046 -0.0362664  0.0278961  -1.3001 0.1935836    
12053 -0.2083714  0.0288174  -7.2308 4.803e-13 ***
12060 -0.3877055  0.0279142 -13.8892 < 2.2e-16 ***
12061 -0.3926171  0.0279668 -14.0387 < 2.2e-16 ***
12062 -0.3498920  0.0279347 -12.5253 < 2.2e-16 ***
12063 -0.2820497  0.0279307 -10.0982 < 2.2e-16 ***
12064 -0.2669083  0.0279837  -9.5380 < 2.2e-16 ***
12065 -0.3147857  0.0279251 -11.2725 < 2.2e-16 ***
12066 -0.3067558  0.0279395 -10.9793 < 2.2e-16 ***
12067 -0.3988987  0.0279447 -14.2746 < 2.2e-16 ***
12068 -0.2467795  0.0279270  -8.8366 < 2.2e-16 ***
12069 -0.3295662  0.0279327 -11.7986 < 2.2e-16 ***
12070 -0.2531388  0.0279053  -9.0714 < 2.2e-16 ***
12071 -0.4041505  0.0279740 -14.4473 < 2.2e-16 ***
12072 -0.3767144  0.0279708 -13.4681 < 2.2e-16 ***
12073 -0.2591322  0.0279146  -9.2830 < 2.2e-16 ***
13051 -0.1726287  0.0331822  -5.2024 1.967e-07 ***
13052 -0.0922318  0.0331918  -2.7788 0.0054568 ** 
13053 -0.2246468  0.0331860  -6.7693 1.294e-11 ***
13054 -0.2595840  0.0331601  -7.8282 4.885e-15 ***
13055 -0.2611382  0.0332730  -7.8484 4.219e-15 ***
13056 -0.2934382  0.0331747  -8.8452 < 2.2e-16 ***
13057 -0.1417345  0.0332056  -4.2684 1.969e-05 ***
13058 -0.1179699  0.0331700  -3.5565 0.0003758 ***
13059 -0.1817928  0.0332507  -5.4673 4.568e-08 ***
13060 -0.2566724  0.0331579  -7.7409 9.770e-15 ***
13061 -0.1264424  0.0332604  -3.8016 0.0001438 ***
13062 -0.1737996  0.0332148  -5.2326 1.671e-07 ***
14511 -0.0556423  0.0331119  -1.6804 0.0928732 .  
14521 -0.1354043  0.0279853  -4.8384 1.309e-06 ***
14522 -0.0111653  0.0278775  -0.4005 0.6887772    
14523 -0.1295214  0.0279321  -4.6370 3.535e-06 ***
14524 -0.0487221  0.0278600  -1.7488 0.0803219 .  
14625 -0.1214910  0.0278609  -4.3606 1.297e-05 ***
14626 -0.0791523  0.0278930  -2.8377 0.0045437 ** 
14627 -0.1349681  0.0278872  -4.8398 1.300e-06 ***
14628 -0.1501312  0.0307368  -4.8844 1.037e-06 ***
14713 -0.0226094  0.0288104  -0.7848 0.4325912    
14729 -0.0748227  0.0278899  -2.6828 0.0073011 ** 
14730 -0.1529981  0.0279020  -5.4834 4.172e-08 ***
15001 -0.1280916  0.0384044  -3.3353 0.0008520 ***
15081 -0.2511580  0.0278964  -9.0032 < 2.2e-16 ***
15082 -0.1194135  0.0364300  -3.2779 0.0010459 ** 
15083  0.0255751  0.0363410   0.7038 0.4815870    
15084  0.0161181  0.0363489   0.4434 0.6574565    
15085  0.0282258  0.0363815   0.7758 0.4378506    
15086 -0.2742258  0.0363559  -7.5428 4.596e-14 ***
15087  0.0649305  0.0363256   1.7875 0.0738638 .  
15088 -0.0537316  0.0363495  -1.4782 0.1393562    
15089 -0.0371909  0.0363532  -1.0230 0.3062874    
15090 -0.2395293  0.0279043  -8.5840 < 2.2e-16 ***
15091 -0.2843894  0.0363350  -7.8269 5.107e-15 ***
16051 -0.1026732  0.0383275  -2.6788 0.0073878 ** 
16056 -0.0098514  0.0332326  -0.2964 0.7668959    
16061  0.0102898  0.0279219   0.3685 0.7124843    
16062  0.0242769  0.0278765   0.8709 0.3838240    
16063  0.0112423  0.0279094   0.4028 0.6870858    
16064 -0.0019105  0.0279082  -0.0685 0.9454217    
16065 -0.0742633  0.0278947  -2.6623 0.0077616 ** 
16066 -0.1910382  0.0279500  -6.8350 8.201e-12 ***
16067  0.0020882  0.0278957   0.0749 0.9403277    
16068 -0.0064231  0.0279083  -0.2301 0.8179758    
16069 -0.1810976  0.0279090  -6.4889 8.648e-11 ***
16070 -0.1907939  0.0279574  -6.8245 8.826e-12 ***
16071  0.0311318  0.0278913   1.1162 0.2643445    
16072 -0.0112365  0.0288189  -0.3899 0.6966095    
16073 -0.1459793  0.0279197  -5.2285 1.709e-07 ***
16074 -0.0151923  0.0279130  -0.5443 0.5862527    
16075 -0.1006590  0.0279180  -3.6055 0.0003115 ***
16076 -0.0322507  0.0278730  -1.1571 0.2472487    
16077  0.0709977  0.0278587   2.5485 0.0108189 *  
---
Signif. codes:  0 ‘***’ 0.001 ‘**’ 0.01 ‘*’ 0.05 ‘.’ 0.1 ‘ ’ 1
