         Estimate  Std. Error  t-value  Pr(>|t|)    
1001  -0.13257459  0.02759773  -4.8038 1.557e-06 ***
1002  -0.13318603  0.02758537  -4.8281 1.378e-06 ***
1003  -0.13129686  0.02763581  -4.7510 2.024e-06 ***
1004  -0.06449148  0.02760373  -2.3363 0.0194739 *  
1051  -0.16493222  0.02759263  -5.9774 2.267e-09 ***
1053  -0.12640360  0.02761380  -4.5776 4.704e-06 ***
1054  -0.13451183  0.02761887  -4.8703 1.114e-06 ***
1055  -0.13712788  0.02763831  -4.9615 6.995e-07 ***
1056  -0.17152078  0.02761506  -6.2111 5.260e-10 ***
1057  -0.16875408  0.02758108  -6.1185 9.448e-10 ***
1058  -0.14664889  0.02758923  -5.3154 1.064e-07 ***
1059  -0.16875641  0.02758705  -6.1172 9.521e-10 ***
1060  -0.13249071  0.02762273  -4.7964 1.615e-06 ***
1061  -0.14154249  0.02762192  -5.1243 2.987e-07 ***
1062  -0.13322645  0.02761581  -4.8243 1.405e-06 ***
3103   0.03885421  0.03153388   1.2321 0.2178961    
3151   0.08673617  0.02758407   3.1444 0.0016641 ** 
3152   0.13202092  0.02758003   4.7868 1.694e-06 ***
3153   0.16905803  0.02846679   5.9388 2.871e-09 ***
3154   0.09695282  0.02843475   3.4097 0.0006504 ***
3155   0.13935726  0.02756634   5.0553 4.296e-07 ***
3156   0.10772799  0.02758968   3.9046 9.436e-05 ***
3157   0.12750499  0.02843958   4.4834 7.348e-06 ***
3158   0.19275580  0.03596227   5.3599 8.325e-08 ***
3241   0.08475195  0.02760078   3.0706 0.0021360 ** 
3251   0.05249420  0.02759397   1.9024 0.0571216 .  
3252   0.12504932  0.02759996   4.5308 5.877e-06 ***
3254   0.11079993  0.02759201   4.0157 5.928e-05 ***
3255   0.11108500  0.02758810   4.0266 5.660e-05 ***
3256   0.04780441  0.02763217   1.7300 0.0836254 .  
3257   0.09382764  0.02764893   3.3935 0.0006900 ***
3351   0.07016063  0.02758864   2.5431 0.0109874 *  
3352   0.06344413  0.02759512   2.2991 0.0214989 *  
3353   0.02875729  0.02758836   1.0424 0.2972399    
3354   0.03119587  0.02758239   1.1310 0.2580523    
3355  -0.03095564  0.02758852  -1.1220 0.2618421    
3356   0.04823784  0.02761216   1.7470 0.0806412 .  
3357   0.02841780  0.02758321   1.0303 0.3028894    
3358   0.01568103  0.02759860   0.5682 0.5699112    
3359   0.06742549  0.02760063   2.4429 0.0145699 *  
3360   0.06194866  0.02757682   2.2464 0.0246782 *  
3361   0.04645948  0.02760844   1.6828 0.0924138 .  
3404   0.02766022  0.03046352   0.9080 0.3638896    
3451   0.03636242  0.02760588   1.3172 0.1877722    
3452   0.04142879  0.02762074   1.4999 0.1336361    
3453   0.03321387  0.02759165   1.2038 0.2286803    
3454   0.00980020  0.02761641   0.3549 0.7226880    
3455   0.00586977  0.02761778   0.2125 0.8316891    
3456   0.05220349  0.02762638   1.8896 0.0588081 .  
3457   0.02849618  0.02761281   1.0320 0.3020762    
3458   0.00973009  0.02757779   0.3528 0.7242209    
3459   0.03626585  0.02762063   1.3130 0.1891834    
3460   0.02655323  0.02759522   0.9622 0.3359288    
3461   0.00190266  0.02762282   0.0689 0.9450852    
3462   0.02548436  0.02762784   0.9224 0.3563118    
5116   0.21704157  0.02764914   7.8498 4.219e-15 ***
5119   0.21236392  0.03173370   6.6921 2.200e-11 ***
5154   0.13477138  0.02766736   4.8711 1.110e-06 ***
5158   0.11244874  0.02762860   4.0700 4.701e-05 ***
5162   0.02431793  0.02767141   0.8788 0.3795040    
5166  -0.00062897  0.02765759  -0.0227 0.9818567    
5170   0.16348936  0.02766289   5.9101 3.420e-09 ***
5316  -0.32185074  0.02853807 -11.2779 < 2.2e-16 ***
5358   0.09634958  0.02764957   3.4847 0.0004927 ***
5362   0.14368331  0.02766916   5.1929 2.070e-07 ***
5366   0.03008781  0.02760502   1.0899 0.2757396    
5370   0.18735698  0.02766926   6.7713 1.276e-11 ***
5374  -0.03306441  0.02757956  -1.1989 0.2305770    
5382   0.09983625  0.02763475   3.6127 0.0003030 ***
5515  -0.00982856  0.02847605  -0.3452 0.7299802    
5554   0.11200825  0.02761529   4.0560 4.992e-05 ***
5558   0.11791862  0.02763823   4.2665 1.986e-05 ***
5562   0.04186524  0.02763720   1.5148 0.1298193    
5566   0.01668224  0.02766186   0.6031 0.5464573    
5570   0.01213946  0.02761318   0.4396 0.6602083    
5711   0.07487581  0.02843619   2.6331 0.0084605 ** 
5754  -0.04648146  0.02759451  -1.6844 0.0920956 .  
5758   0.13607085  0.02762251   4.9261 8.389e-07 ***
5762   0.12886362  0.02756941   4.6742 2.952e-06 ***
5766   0.06330282  0.02758510   2.2948 0.0217435 *  
5770   0.08299900  0.02764616   3.0022 0.0026805 ** 
5774   0.05786405  0.02757458   2.0985 0.0358649 *  
5913   0.19178684  0.02940282   6.5227 6.904e-11 ***
5914   0.27443038  0.03600337   7.6224 2.487e-14 ***
5915   0.16656031  0.02761921   6.0306 1.634e-09 ***
5954   0.01014055  0.02845121   0.3564 0.7215269    
5958  -0.06924269  0.02760243  -2.5086 0.0121220 *  
5962  -0.01181450  0.02756785  -0.4286 0.6682429    
5966  -0.18937069  0.02756737  -6.8694 6.448e-12 ***
5970   0.04315137  0.02763184   1.5617 0.1183695    
5974   0.09050127  0.02759770   3.2793 0.0010406 ** 
5978   0.11672788  0.02760503   4.2285 2.353e-05 ***
6411   0.10228790  0.02843866   3.5968 0.0003222 ***
6412   0.11733874  0.02849098   4.1185 3.814e-05 ***
6413   0.11302569  0.03598191   3.1412 0.0016827 ** 
6414   0.13566096  0.02760602   4.9142 8.915e-07 ***
6431   0.10906777  0.02762573   3.9480 7.879e-05 ***
6432   0.22259121  0.02759826   8.0654 6.661e-16 ***
6433   0.15329272  0.02765136   5.5438 2.960e-08 ***
6434   0.06926989  0.02758820   2.5109 0.0120440 *  
6435   0.06896920  0.02758225   2.5005 0.0124021 *  
6436   0.12492191  0.02763242   4.5208 6.159e-06 ***
6437  -0.01760360  0.02759209  -0.6380 0.5234772    
6438   0.12273413  0.02847948   4.3096 1.636e-05 ***
6439   0.08632995  0.02757703   3.1305 0.0017451 ** 
6440   0.17618995  0.02759214   6.3855 1.708e-10 ***
6531   0.15399998  0.02762747   5.5742 2.487e-08 ***
6532   0.11891674  0.02842845   4.1830 2.877e-05 ***
6533   0.06155847  0.02756572   2.2332 0.0255388 *  
6534   0.16203282  0.02759710   5.8714 4.322e-09 ***
6535   0.14881191  0.02758154   5.3953 6.839e-08 ***
6611   0.12651148  0.03151615   4.0142 5.965e-05 ***
6631   0.10435131  0.02762997   3.7767 0.0001589 ***
6632   0.08962722  0.02762444   3.2445 0.0011766 ** 
6633   0.15300794  0.02756875   5.5500 2.856e-08 ***
6634   0.17405097  0.02757286   6.3124 2.747e-10 ***
6635   0.15438532  0.02760172   5.5933 2.228e-08 ***
6636   0.14411598  0.02758265   5.2249 1.743e-07 ***
7132   0.04187100  0.03281244   1.2761 0.2019305    
7134  -0.02495598  0.03592870  -0.6946 0.4873077    
7137   0.06893910  0.03041379   2.2667 0.0234082 *  
7138   0.09835156  0.03152527   3.1198 0.0018099 ** 
7140   0.05953833  0.03427218   1.7372 0.0823483 .  
7141   0.06339872  0.02840687   2.2318 0.0256276 *  
7143   0.09228003  0.02933444   3.1458 0.0016564 ** 
7231   0.04023581  0.02757764   1.4590 0.1445648    
7232   0.04393648  0.02757236   1.5935 0.1110487    
7235   0.04005234  0.02756670   1.4529 0.1462447    
7333   0.02117710  0.03042923   0.6959 0.4864627    
7336  -0.03269963  0.02758643  -1.1854 0.2358783    
7340   0.03103207  0.02937142   1.0565 0.2907218    
8115   0.06436620  0.03150832   2.0428 0.0410691 *  
8116   0.05656682  0.02760277   2.0493 0.0404312 *  
8117   0.10679793  0.02846802   3.7515 0.0001758 ***
8118   0.11163482  0.02762250   4.0414 5.312e-05 ***
8119   0.02656752  0.02758515   0.9631 0.3354926    
8125   0.05115230  0.02763199   1.8512 0.0641410 .  
8126   0.06404859  0.02761583   2.3193 0.0203803 *  
8127   0.01824422  0.02760365   0.6609 0.5086540    
8128   0.03026680  0.02759889   1.0967 0.2727867    
8135   0.03943118  0.03285171   1.2003 0.2300314    
8136   0.03944581  0.02756656   1.4309 0.1524504    
8215   0.00959349  0.03284862   0.2921 0.7702473    
8216   0.01816701  0.03285088   0.5530 0.5802535    
8225  -0.01264067  0.02757356  -0.4584 0.6466403    
8226   0.01868445  0.02763284   0.6762 0.4989339    
8235  -0.01449987  0.03279545  -0.4421 0.6583946    
8236   0.10050989  0.02761296   3.6400 0.0002727 ***
8237   0.05329067  0.02760395   1.9305 0.0535393 .  
8315   0.00079990  0.03286144   0.0243 0.9805801    
8316   0.05125958  0.03604874   1.4220 0.1550402    
8317   0.02741605  0.03046270   0.9000 0.3681268    
8325  -0.00103069  0.02760630  -0.0373 0.9702177    
8326   0.08604583  0.03285257   2.6192 0.0088149 ** 
8327   0.05758307  0.02849184   2.0210 0.0432759 *  
8335   0.03790888  0.02759768   1.3736 0.1695580    
8336   0.07459525  0.03283823   2.2716 0.0231108 *  
8337   0.03093311  0.02759700   1.1209 0.2623361    
8415  -0.06372301  0.02851844  -2.2344 0.0254535 *  
8416   0.02541686  0.03278569   0.7752 0.4381964    
8417  -0.01051704  0.02757307  -0.3814 0.7028885    
8425   0.06702686  0.02762623   2.4262 0.0152577 *  
8426   0.08570195  0.02758465   3.1069 0.0018908 ** 
8435   0.12757200  0.03283111   3.8857 0.0001020 ***
8436   0.03445930  0.02759729   1.2486 0.2117939    
8437   0.06039986  0.02762592   2.1863 0.0287902 *  
9161   0.08801335  0.02759508   3.1895 0.0014254 ** 
9162   0.10515651  0.02759098   3.8113 0.0001383 ***
9163   0.09780209  0.02756696   3.5478 0.0003885 ***
9171   0.12822964  0.02756371   4.6521 3.285e-06 ***
9172   0.14862941  0.02756001   5.3929 6.932e-08 ***
9173  -0.04859015  0.02759552  -1.7608 0.0782726 .  
9174   0.06478690  0.02759684   2.3476 0.0188938 *  
9175   0.13579498  0.02761091   4.9182 8.736e-07 ***
9176   0.13626894  0.02759046   4.9390 7.853e-07 ***
9177   0.17312495  0.02759498   6.2738 3.524e-10 ***
9178   0.06998263  0.02757049   2.5383 0.0111387 *  
9179   0.12992722  0.02757826   4.7112 2.462e-06 ***
9181   0.09167708  0.02758506   3.3234 0.0008892 ***
9182   0.09860129  0.02758766   3.5741 0.0003514 ***
9183   0.16660895  0.02756692   6.0438 1.505e-09 ***
9184   0.06026095  0.02759302   2.1839 0.0289681 *  
9185   0.13673485  0.02763163   4.9485 7.479e-07 ***
9186   0.12678117  0.02762111   4.5900 4.432e-06 ***
9187   0.16402567  0.02757677   5.9480 2.715e-09 ***
9188   0.05604373  0.02758443   2.0317 0.0421824 *  
9189   0.10190772  0.02756100   3.6975 0.0002177 ***
9190   0.16643608  0.02757806   6.0351 1.589e-09 ***
9261   0.15898693  0.02756780   5.7671 8.064e-09 ***
9262   0.12701353  0.02756309   4.6081 4.064e-06 ***
9263   0.17075602  0.02756440   6.1948 5.836e-10 ***
9271   0.14596249  0.02757109   5.2940 1.196e-07 ***
9272   0.06411089  0.02759614   2.3232 0.0201693 *  
9273   0.12375514  0.02758655   4.4861 7.255e-06 ***
9274   0.16899656  0.02757447   6.1287 8.858e-10 ***
9275   0.11962714  0.02757076   4.3389 1.432e-05 ***
9276   0.04949147  0.02762576   1.7915 0.0732135 .  
9277   0.16498655  0.02757656   5.9829 2.193e-09 ***
9278   0.11145493  0.02756890   4.0428 5.282e-05 ***
9279   0.14276638  0.02755983   5.1802 2.216e-07 ***
9361   0.10103760  0.02757589   3.6640 0.0002483 ***
9362   0.12486479  0.02757996   4.5274 5.972e-06 ***
9363   0.10501119  0.02759299   3.8057 0.0001414 ***
9371   0.11707817  0.02758329   4.2445 2.190e-05 ***
9372   0.13693052  0.02760184   4.9609 7.016e-07 ***
9373   0.08173115  0.02764782   2.9562 0.0031150 ** 
9374   0.07533935  0.02760995   2.7287 0.0063584 ** 
9375   0.09120560  0.02757051   3.3081 0.0009394 ***
9376   0.07756055  0.02757851   2.8124 0.0049180 ** 
9377   0.13641953  0.02769230   4.9263 8.382e-07 ***
9461   0.05341608  0.03040821   1.7566 0.0789803 .  
9462   0.09058557  0.02759846   3.2823 0.0010298 ** 
9463   0.09052857  0.02757046   3.2835 0.0010251 ** 
9464   0.06674705  0.02766087   2.4130 0.0158197 *  
9471   0.05223451  0.02758572   1.8935 0.0582869 .  
9472   0.07846518  0.02762852   2.8400 0.0045113 ** 
9473   0.06281096  0.02758838   2.2767 0.0228031 *  
9474   0.08791268  0.02759009   3.1864 0.0014406 ** 
9475   0.07071215  0.02768246   2.5544 0.0106370 *  
9476  -0.00752538  0.02761734  -0.2725 0.7852472    
9477   0.16082047  0.02760452   5.8259 5.681e-09 ***
9478   0.08047528  0.02761291   2.9144 0.0035636 ** 
9479   0.05519706  0.02771914   1.9913 0.0464482 *  
9561   0.15092872  0.02760170   5.4681 4.549e-08 ***
9562   0.02058145  0.02758666   0.7461 0.4556280    
9563   0.02312148  0.02759061   0.8380 0.4020195    
9564   0.05519613  0.02757076   2.0020 0.0452868 *  
9565   0.07777673  0.02758483   2.8195 0.0048092 ** 
9571   0.10092769  0.02757514   3.6601 0.0002521 ***
9572   0.01583635  0.02762589   0.5732 0.5664800    
9573   0.01696901  0.02761318   0.6145 0.5388681    
9574   0.06813585  0.02762267   2.4667 0.0136378 *  
9575   0.07681364  0.02760748   2.7823 0.0053967 ** 
9576   0.08901559  0.02761459   3.2235 0.0012663 ** 
9577   0.12676404  0.02761279   4.5908 4.416e-06 ***
9661   0.10013967  0.02764654   3.6221 0.0002922 ***
9662   0.03122981  0.02757020   1.1327 0.2573243    
9663   0.16050817  0.02761406   5.8126 6.153e-09 ***
9671   0.10042528  0.02758146   3.6410 0.0002715 ***
9672   0.01515182  0.02756689   0.5496 0.5825675    
9673   0.05645592  0.02758815   2.0464 0.0407187 *  
9674   0.05501522  0.02760305   1.9931 0.0462522 *  
9675   0.05030136  0.02757883   1.8239 0.0681654 .  
9676   0.07804078  0.02758147   2.8295 0.0046626 ** 
9677   0.07936555  0.02757740   2.8779 0.0040031 ** 
9678   0.07633607  0.02757260   2.7685 0.0056307 ** 
9679   0.17357321  0.02759043   6.2911 3.153e-10 ***
9761   0.18311142  0.02761542   6.6308 3.339e-11 ***
9762   0.16265327  0.02761093   5.8909 3.841e-09 ***
9764   0.15313138  0.02758313   5.5516 2.830e-08 ***
9771   0.14185679  0.02761269   5.1374 2.786e-07 ***
9772   0.15991041  0.02762497   5.7886 7.097e-09 ***
9773   0.16636941  0.02762353   6.0227 1.715e-09 ***
9774   0.18081570  0.02757571   6.5571 5.488e-11 ***
9775   0.16403945  0.02756282   5.9515 2.657e-09 ***
9777   0.14694504  0.02758503   5.3270 9.986e-08 ***
9778   0.15414448  0.02758060   5.5889 2.285e-08 ***
9779   0.13010176  0.02760627   4.7128 2.444e-06 ***
10041 -0.00561944  0.02760495  -0.2036 0.8386924    
10042  0.01874437  0.02756940   0.6799 0.4965692    
10043 -0.01108172  0.02757909  -0.4018 0.6878193    
10044  0.00126661  0.02759041   0.0459 0.9633840    
10045 -0.05113863  0.02760033  -1.8528 0.0639072 .  
10046 -0.03097756  0.02756414  -1.1238 0.2610827    
12053 -0.20851613  0.02843129  -7.3340 2.234e-13 ***
12060 -0.37893371  0.02760164 -13.7287 < 2.2e-16 ***
12061 -0.37568596  0.02760995 -13.6069 < 2.2e-16 ***
12062 -0.34685669  0.02762588 -12.5555 < 2.2e-16 ***
12063 -0.28985280  0.02760961 -10.4983 < 2.2e-16 ***
12064 -0.25023013  0.02760981  -9.0631 < 2.2e-16 ***
12065 -0.32269466  0.02762597 -11.6808 < 2.2e-16 ***
12066 -0.28381241  0.02763171 -10.2713 < 2.2e-16 ***
12067 -0.39109939  0.02758864 -14.1761 < 2.2e-16 ***
12068 -0.26069388  0.02761561  -9.4401 < 2.2e-16 ***
12069 -0.32371769  0.02761817 -11.7212 < 2.2e-16 ***
12070 -0.26311504  0.02759574  -9.5346 < 2.2e-16 ***
12071 -0.37676633  0.02759708 -13.6524 < 2.2e-16 ***
12072 -0.35892163  0.02760511 -13.0020 < 2.2e-16 ***
12073 -0.24198713  0.02759697  -8.7686 < 2.2e-16 ***
13051 -0.17284201  0.03287211  -5.2580 1.456e-07 ***
13052 -0.09594144  0.03286288  -2.9194 0.0035065 ** 
13053 -0.22391428  0.03284228  -6.8179 9.240e-12 ***
13054 -0.26288619  0.03285036  -8.0025 1.110e-15 ***
13055 -0.22532866  0.03287993  -6.8531 7.228e-12 ***
13056 -0.28318925  0.03288298  -8.6120 < 2.2e-16 ***
13057 -0.15472807  0.03280719  -4.7163 2.402e-06 ***
13058 -0.11446944  0.03288279  -3.4811 0.0004993 ***
13059 -0.18557400  0.03285139  -5.6489 1.615e-08 ***
13060 -0.25640838  0.03283704  -7.8085 5.773e-15 ***
13061 -0.15444970  0.03279540  -4.7095 2.483e-06 ***
13062 -0.15295172  0.03283361  -4.6584 3.187e-06 ***
14511 -0.04484673  0.03281733  -1.3666 0.1717644    
14521 -0.12931284  0.02765419  -4.6761 2.924e-06 ***
14522 -0.00022117  0.02759557  -0.0080 0.9936053    
14523 -0.12565812  0.02762208  -4.5492 5.385e-06 ***
14524 -0.04286908  0.02756813  -1.5550 0.1199406    
14625 -0.09565236  0.02758786  -3.4672 0.0005259 ***
14626 -0.04573318  0.02761465  -1.6561 0.0976975 .  
14627 -0.13048844  0.02758271  -4.7308 2.236e-06 ***
14628 -0.11984639  0.03039970  -3.9424 8.069e-05 ***
14713 -0.02268867  0.02843508  -0.7979 0.4249220    
14729 -0.06967866  0.02759867  -2.5247 0.0115793 *  
14730 -0.14718209  0.02760417  -5.3319 9.720e-08 ***
15001 -0.15527772  0.03794950  -4.0917 4.282e-05 ***
15081 -0.26530254  0.02757577  -9.6209 < 2.2e-16 ***
15082 -0.13892508  0.03598999  -3.8601 0.0001133 ***
15083  0.00500071  0.03593163   0.1392 0.8893136    
15084  0.01825738  0.03596039   0.5077 0.6116581    
15085  0.02111238  0.03593169   0.5876 0.5568210    
15086 -0.29204967  0.03594640  -8.1246 4.441e-16 ***
15087  0.05854986  0.03599124   1.6268 0.1037837    
15088 -0.06737970  0.03594563  -1.8745 0.0608630 .  
15089 -0.05486260  0.03600009  -1.5240 0.1275194    
15090 -0.24717781  0.02756446  -8.9673 < 2.2e-16 ***
15091 -0.29645853  0.03593712  -8.2494 2.220e-16 ***
16051 -0.11485542  0.03788259  -3.0319 0.0024304 ** 
16056 -0.02481847  0.03283035  -0.7560 0.4496725    
16061  0.00542448  0.02761453   0.1964 0.8442692    
16062  0.03738955  0.02759995   1.3547 0.1755143    
16063  0.00633335  0.02760850   0.2294 0.8185591    
16064  0.00821822  0.02759845   0.2978 0.7658723    
16065 -0.06980567  0.02758053  -2.5310 0.0113746 *  
16066 -0.19357088  0.02768371  -6.9922 2.705e-12 ***
16067  0.00558516  0.02759549   0.2024 0.8396087    
16068 -0.00010927  0.02756498  -0.0040 0.9968371    
16069 -0.18042220  0.02758983  -6.5394 6.175e-11 ***
16070 -0.19239179  0.02760028  -6.9706 3.155e-12 ***
16071  0.04014995  0.02756148   1.4567 0.1451877    
16072 -0.00112750  0.02847458  -0.0396 0.9684146    
16073 -0.14916337  0.02760960  -5.4026 6.569e-08 ***
16074 -0.01138702  0.02756931  -0.4130 0.6795829    
16075 -0.09963575  0.02761021  -3.6087 0.0003078 ***
16076 -0.02638991  0.02756769  -0.9573 0.3384275    
16077  0.07426922  0.02758812   2.6921 0.0071010 ** 
---
Signif. codes:  0 ‘***’ 0.001 ‘**’ 0.01 ‘*’ 0.05 ‘.’ 0.1 ‘ ’ 1
