         Estimate  Std. Error  t-value  Pr(>|t|)    
1001  -0.13074577  0.02768035  -4.7234 2.319e-06 ***
1002  -0.13267296  0.02759254  -4.8083 1.522e-06 ***
1003  -0.13186896  0.02764454  -4.7702 1.841e-06 ***
1004  -0.06404657  0.02760930  -2.3197 0.0203546 *  
1051  -0.16336087  0.02765385  -5.9073 3.477e-09 ***
1053  -0.12681493  0.02761866  -4.5916 4.398e-06 ***
1054  -0.13279515  0.02769172  -4.7955 1.623e-06 ***
1055  -0.13743638  0.02764135  -4.9721 6.622e-07 ***
1056  -0.17127360  0.02761727  -6.2017 5.586e-10 ***
1057  -0.16857749  0.02758256  -6.1117 9.855e-10 ***
1058  -0.14584378  0.02760584  -5.2831 1.270e-07 ***
1059  -0.16740959  0.02763223  -6.0585 1.374e-09 ***
1060  -0.13231707  0.02762418  -4.7899 1.669e-06 ***
1061  -0.14087942  0.02763341  -5.0982 3.430e-07 ***
1062  -0.13341666  0.02761741  -4.8309 1.359e-06 ***
3103   0.03805669  0.03154834   1.2063 0.2277028    
3151   0.08627720  0.02758996   3.1271 0.0017653 ** 
3152   0.13151736  0.02758696   4.7674 1.866e-06 ***
3153   0.16849955  0.02847494   5.9175 3.269e-09 ***
3154   0.09604961  0.02845490   3.3755 0.0007368 ***
3155   0.13899058  0.02757036   5.0413 4.624e-07 ***
3156   0.10772215  0.02759040   3.9043 9.448e-05 ***
3157   0.12682870  0.02845120   4.4578 8.282e-06 ***
3158   0.19180258  0.03598030   5.3308 9.780e-08 ***
3241   0.08446581  0.02760351   3.0600 0.0022136 ** 
3251   0.05226315  0.02759599   1.8939 0.0582426 .  
3252   0.12501950  0.02760070   4.5296 5.910e-06 ***
3254   0.11040867  0.02759648   4.0008 6.312e-05 ***
3255   0.11104133  0.02758887   4.0249 5.701e-05 ***
3256   0.04761278  0.02763379   1.7230 0.0848901 .  
3257   0.09358103  0.02765114   3.3843 0.0007135 ***
3351   0.07001480  0.02758988   2.5377 0.0111584 *  
3352   0.06411679  0.02760693   2.3225 0.0202066 *  
3353   0.02868083  0.02758922   1.0396 0.2985412    
3354   0.03051739  0.02759440   1.1059 0.2687581    
3355  -0.03141844  0.02759449  -1.1386 0.2548799    
3356   0.04835071  0.02761319   1.7510 0.0799459 .  
3357   0.02851152  0.02758414   1.0336 0.3013139    
3358   0.01565885  0.02759932   0.5674 0.5704672    
3359   0.06787953  0.02760640   2.4588 0.0139389 *  
3360   0.06151378  0.02758218   2.2302 0.0257341 *  
3361   0.04631211  0.02760968   1.6774 0.0934670 .  
3404   0.02782262  0.03046490   0.9133 0.3611014    
3451   0.03655288  0.02760749   1.3240 0.1854963    
3452   0.04240651  0.02764487   1.5340 0.1250361    
3453   0.03322086  0.02759236   1.2040 0.2285944    
3454   0.00987210  0.02761726   0.3575 0.7207464    
3455   0.00667959  0.02763456   0.2417 0.8090039    
3456   0.05235273  0.02762764   1.8949 0.0581003 .  
3457   0.02871735  0.02761473   1.0399 0.2983730    
3458   0.00962841  0.02757876   0.3491 0.7269961    
3459   0.03638969  0.02762172   1.3174 0.1876944    
3460   0.02643559  0.02759627   0.9579 0.3380928    
3461   0.00228175  0.02762706   0.0826 0.9341766    
3462   0.02653502  0.02765559   0.9595 0.3373163    
5116   0.21727546  0.02765120   7.8577 3.997e-15 ***
5119   0.21285214  0.03173961   6.7062 1.998e-11 ***
5154   0.13507160  0.02767028   4.8815 1.053e-06 ***
5158   0.11339958  0.02765146   4.1010 4.113e-05 ***
5162   0.02452201  0.02767315   0.8861 0.3755474    
5166  -0.00028307  0.02766123  -0.0102 0.9918350    
5170   0.16384698  0.02766674   5.9222 3.177e-09 ***
5316  -0.32103596  0.02855455 -11.2429 < 2.2e-16 ***
5358   0.09616171  0.02765115   3.4777 0.0005058 ***
5362   0.14352580  0.02767049   5.1870 2.138e-07 ***
5366   0.02953067  0.02761334   1.0694 0.2848738    
5370   0.18752903  0.02767070   6.7772 1.226e-11 ***
5374  -0.03104455  0.02768022  -1.1215 0.2620569    
5382   0.09958027  0.02763707   3.6031 0.0003144 ***
5515  -0.00981480  0.02847680  -0.3447 0.7303505    
5554   0.11240284  0.02761983   4.0696 4.709e-05 ***
5558   0.11812763  0.02764002   4.2738 1.922e-05 ***
5562   0.04225240  0.02764159   1.5286 0.1263685    
5566   0.01682666  0.02766309   0.6083 0.5430078    
5570   0.01203444  0.02761416   0.4358 0.6629768    
5711   0.07522271  0.02843979   2.6450 0.0081696 ** 
5754  -0.04638392  0.02759546  -1.6809 0.0927915 .  
5758   0.13611760  0.02762328   4.9276 8.323e-07 ***
5762   0.12862579  0.02757152   4.6652 3.084e-06 ***
5766   0.06362714  0.02758839   2.3063 0.0210938 *  
5770   0.08278579  0.02764799   2.9943 0.0027509 ** 
5774   0.05791470  0.02757536   2.1002 0.0357083 *  
5913   0.19206939  0.02940542   6.5318 6.500e-11 ***
5914   0.27506832  0.03601196   7.6382 2.198e-14 ***
5915   0.16650423  0.02762001   6.0284 1.656e-09 ***
5954   0.01110005  0.02847384   0.3898 0.6966598    
5958  -0.06894149  0.02760538  -2.4974 0.0125110 *  
5962  -0.01110620  0.02758088  -0.4027 0.6871854    
5966  -0.18833657  0.02759433  -6.8252 8.781e-12 ***
5970   0.04443338  0.02767278   1.6057 0.1083462    
5974   0.09037658  0.02759880   3.2747 0.0010579 ** 
5978   0.11681996  0.02760595   4.2317 2.319e-05 ***
6411   0.10210515  0.02844019   3.5902 0.0003305 ***
6412   0.11698044  0.02849477   4.1053 4.037e-05 ***
6413   0.11274001  0.03598438   3.1330 0.0017301 ** 
6414   0.13522672  0.02761136   4.8975 9.706e-07 ***
6431   0.10885586  0.02762755   3.9401 8.144e-05 ***
6432   0.22243869  0.02759954   8.0595 6.661e-16 ***
6433   0.15280455  0.02765791   5.5248 3.299e-08 ***
6434   0.06916427  0.02758919   2.5069 0.0121783 *  
6435   0.06920638  0.02758435   2.5089 0.0121108 *  
6436   0.12453435  0.02763681   4.5061 6.603e-06 ***
6437  -0.01718260  0.02759715  -0.6226 0.5335327    
6438   0.12246935  0.02848188   4.2999 1.709e-05 ***
6439   0.08600844  0.02758028   3.1185 0.0018179 ** 
6440   0.17598343  0.02759390   6.3776 1.799e-10 ***
6531   0.15371929  0.02763012   5.5635 2.645e-08 ***
6532   0.11866998  0.02843064   4.1740 2.993e-05 ***
6533   0.06130914  0.02756796   2.2239 0.0261533 *  
6534   0.16172428  0.02760016   5.8595 4.641e-09 ***
6535   0.14875630  0.02758233   5.3932 6.922e-08 ***
6611   0.12607631  0.03152103   3.9998 6.341e-05 ***
6631   0.10426012  0.02763089   3.7733 0.0001611 ***
6632   0.08918449  0.02762996   3.2278 0.0012474 ** 
6633   0.15252993  0.02757508   5.5314 3.176e-08 ***
6634   0.17344249  0.02758266   6.2881 3.214e-10 ***
6635   0.15383568  0.02760985   5.5718 2.522e-08 ***
6636   0.14358563  0.02759027   5.2042 1.948e-07 ***
7132   0.04223882  0.03281609   1.2871 0.1980463    
7134  -0.02446143  0.03593424  -0.6807 0.4960439    
7137   0.06819532  0.03042689   2.2413 0.0250076 *  
7138   0.09803953  0.03152818   3.1096 0.0018735 ** 
7140   0.05917227  0.03427572   1.7264 0.0842824 .  
7141   0.06304931  0.02841052   2.2192 0.0264715 *  
7143   0.09271805  0.02933963   3.1602 0.0015768 ** 
7231   0.04048195  0.02757984   1.4678 0.1421560    
7232   0.04433781  0.02757703   1.6078 0.1078833    
7235   0.04070011  0.02757772   1.4758 0.1399886    
7333   0.02078619  0.03043342   0.6830 0.4946035    
7336  -0.03244540  0.02758873  -1.1760 0.2395796    
7340   0.03173273  0.02938349   1.0800 0.2801639    
8115   0.06443618  0.03150924   2.0450 0.0408556 *  
8116   0.05680449  0.02760488   2.0578 0.0396122 *  
8117   0.10746538  0.02847935   3.7734 0.0001610 ***
8118   0.11165513  0.02762322   4.0421 5.298e-05 ***
8119   0.02717461  0.02759491   0.9848 0.3247375    
8125   0.05157219  0.02763702   1.8661 0.0620337 .  
8126   0.06446422  0.02762078   2.3339 0.0196008 *  
8127   0.01865762  0.02760855   0.6758 0.4991731    
8128   0.03003625  0.02760091   1.0882 0.2764917    
8135   0.03922767  0.03285342   1.1940 0.2324697    
8136   0.03974035  0.02756941   1.4415 0.1494532    
8215   0.01014215  0.03285568   0.3087 0.7575589    
8216   0.01939751  0.03288292   0.5899 0.5552601    
8225  -0.01231783  0.02757683  -0.4467 0.6551111    
8226   0.01906600  0.02763713   0.6899 0.4902765    
8235  -0.01412444  0.03279921  -0.4306 0.6667348    
8236   0.10090707  0.02761754   3.6537 0.0002585 ***
8237   0.05390652  0.02761396   1.9521 0.0509207 .  
8315   0.00199814  0.03289185   0.0607 0.9515594    
8316   0.05284668  0.03609694   1.4640 0.1431882    
8317   0.02875367  0.03050322   0.9426 0.3458631    
8325  -0.00031171  0.02761969  -0.0113 0.9909954    
8326   0.08671004  0.03286251   2.6386 0.0083257 ** 
8327   0.05807565  0.02849835   2.0379 0.0415639 *  
8335   0.03817927  0.02760019   1.3833 0.1665737    
8336   0.07637086  0.03290400   2.3210 0.0202857 *  
8337   0.03213079  0.02763287   1.1628 0.2449212    
8415  -0.06335462  0.02852240  -2.2212 0.0263359 *  
8416   0.02567447  0.03278791   0.7830 0.4335995    
8417  -0.01011586  0.02757773  -0.3668 0.7137588    
8425   0.06692592  0.02762719   2.4225 0.0154156 *  
8426   0.08560988  0.02758557   3.1034 0.0019129 ** 
8435   0.12794350  0.03283481   3.8966 9.756e-05 ***
8436   0.03481280  0.02760107   1.2613 0.2072064    
8437   0.06044511  0.02762669   2.1879 0.0286751 *  
9161   0.08737430  0.02760582   3.1651 0.0015505 ** 
9162   0.10548872  0.02759441   3.8228 0.0001319 ***
9163   0.09892698  0.02759873   3.5845 0.0003378 ***
9171   0.12844177  0.02756553   4.6595 3.170e-06 ***
9172   0.14977548  0.02759297   5.4280 5.698e-08 ***
9173  -0.04750385  0.02762517  -1.7196 0.0855077 .  
9174   0.06473308  0.02759762   2.3456 0.0189963 *  
9175   0.13624174  0.02761652   4.9333 8.083e-07 ***
9176   0.13571781  0.02759863   4.9176 8.763e-07 ***
9177   0.17322461  0.02759594   6.2772 3.448e-10 ***
9178   0.06981492  0.02757190   2.5321 0.0113380 *  
9179   0.13006838  0.02757947   4.7161 2.404e-06 ***
9181   0.09184599  0.02758647   3.3294 0.0008704 ***
9182   0.09987185  0.02762795   3.6149 0.0003005 ***
9183   0.16670533  0.02756787   6.0471 1.475e-09 ***
9184   0.06071664  0.02759883   2.2000 0.0278089 *  
9185   0.13621131  0.02763906   4.9282 8.298e-07 ***
9186   0.12638988  0.02762557   4.5751 4.760e-06 ***
9187   0.16482943  0.02759333   5.9735 2.322e-09 ***
9188   0.05647641  0.02758974   2.0470 0.0406573 *  
9189   0.10248176  0.02756981   3.7172 0.0002015 ***
9190   0.16705790  0.02758826   6.0554 1.401e-09 ***
9261   0.15873135  0.02757012   5.7574 8.543e-09 ***
9262   0.12703256  0.02756382   4.6087 4.053e-06 ***
9263   0.17020316  0.02757262   6.1729 6.705e-10 ***
9271   0.14577608  0.02757266   5.2870 1.244e-07 ***
9272   0.06434722  0.02759823   2.3316 0.0197233 *  
9273   0.12335997  0.02759109   4.4710 7.785e-06 ***
9274   0.16881618  0.02757598   6.1219 9.249e-10 ***
9275   0.11958717  0.02757151   4.3373 1.442e-05 ***
9276   0.04927264  0.02762765   1.7835 0.0745124 .  
9277   0.16494096  0.02757732   5.9810 2.217e-09 ***
9278   0.11094418  0.02757602   4.0232 5.741e-05 ***
9279   0.14239620  0.02756391   5.1660 2.391e-07 ***
9361   0.10044734  0.02758515   3.6414 0.0002712 ***
9362   0.12420857  0.02759124   4.5017 6.740e-06 ***
9363   0.10452398  0.02759953   3.7872 0.0001524 ***
9371   0.11661074  0.02758936   4.2267 2.372e-05 ***
9372   0.13655326  0.02760604   4.9465 7.556e-07 ***
9373   0.08142414  0.02765084   2.9447 0.0032324 ** 
9374   0.07501766  0.02761321   2.7167 0.0065930 ** 
9375   0.09063028  0.02757935   3.2862 0.0010156 ** 
9376   0.07698933  0.02758724   2.7908 0.0052585 ** 
9377   0.13600286  0.02769726   4.9103 9.092e-07 ***
9461   0.05285280  0.03041606   1.7377 0.0822705 .  
9462   0.09050087  0.02759936   3.2791 0.0010414 ** 
9463   0.09021578  0.02757358   3.2718 0.0010686 ** 
9464   0.06622380  0.02766828   2.3935 0.0166889 *  
9471   0.05197059  0.02758815   1.8838 0.0595919 .  
9472   0.07862406  0.02762985   2.8456 0.0044325 ** 
9473   0.06250397  0.02759141   2.2653 0.0234917 *  
9474   0.08797786  0.02759092   3.1887 0.0014294 ** 
9475   0.07039909  0.02768557   2.5428 0.0109966 *  
9476  -0.00737528  0.02761861  -0.2670 0.7894383    
9477   0.16079826  0.02760525   5.8249 5.714e-09 ***
9478   0.08020782  0.02761538   2.9045 0.0036789 ** 
9479   0.05483405  0.02772307   1.9779 0.0479376 *  
9561   0.15054220  0.02760608   5.4532 4.946e-08 ***
9562   0.02010373  0.02759297   0.7286 0.4662577    
9563   0.02255009  0.02759933   0.8171 0.4138987    
9564   0.05458149  0.02758075   1.9790 0.0478193 *  
9565   0.07710774  0.02759653   2.7941 0.0052043 ** 
9571   0.10073037  0.02757681   3.6527 0.0002595 ***
9572   0.01549190  0.02762951   0.5607 0.5750013    
9573   0.01641295  0.02762148   0.5942 0.5523717    
9574   0.06830176  0.02762406   2.4725 0.0134155 *  
9575   0.07642830  0.02761184   2.7680 0.0056409 ** 
9576   0.08857543  0.02762005   3.2069 0.0013416 ** 
9577   0.12645006  0.02761592   4.5789 4.675e-06 ***
9661   0.10001499  0.02764764   3.6175 0.0002975 ***
9662   0.03057756  0.02758135   1.1086 0.2675892    
9663   0.15972390  0.02762984   5.7808 7.433e-09 ***
9671   0.10067466  0.02758371   3.6498 0.0002625 ***
9672   0.01485654  0.02756975   0.5389 0.5899759    
9673   0.05598481  0.02759431   2.0289 0.0424732 *  
9674   0.05454859  0.02760911   1.9757 0.0481835 *  
9675   0.04969039  0.02758871   1.8011 0.0716850 .  
9676   0.07795351  0.02758237   2.8262 0.0047103 ** 
9677   0.07905621  0.02758047   2.8664 0.0041519 ** 
9678   0.07580849  0.02758015   2.7487 0.0059839 ** 
9679   0.17296181  0.02760032   6.2667 3.689e-10 ***
9761   0.18291772  0.02761706   6.6234 3.511e-11 ***
9762   0.16323124  0.02761984   5.9099 3.423e-09 ***
9764   0.15344538  0.02758626   5.5624 2.661e-08 ***
9771   0.14163600  0.02761460   5.1290 2.912e-07 ***
9772   0.15970809  0.02762669   5.7809 7.429e-09 ***
9773   0.16598101  0.02762794   6.0077 1.881e-09 ***
9774   0.18062340  0.02757734   6.5497 5.765e-11 ***
9775   0.16390426  0.02756398   5.9463 2.742e-09 ***
9777   0.14720658  0.02758742   5.3360 9.502e-08 ***
9778   0.15435606  0.02758241   5.5962 2.191e-08 ***
9779   0.12965968  0.02761178   4.6958 2.656e-06 ***
10041 -0.00499542  0.02761521  -0.1809 0.8564508    
10042  0.01971784  0.02759337   0.7146 0.4748647    
10043 -0.01029615  0.02759494  -0.3731 0.7090611    
10044  0.00196246  0.02760300   0.0711 0.9433215    
10045 -0.05055053  0.02760953  -1.8309 0.0671142 .  
10046 -0.02998896  0.02758884  -1.0870 0.2770386    
12053 -0.20974298  0.02846784  -7.3677 1.736e-13 ***
12060 -0.37997299  0.02762883 -13.7528 < 2.2e-16 ***
12061 -0.37688017  0.02764560 -13.6326 < 2.2e-16 ***
12062 -0.34805757  0.02766190 -12.5826 < 2.2e-16 ***
12063 -0.29081785  0.02763315 -10.5242 < 2.2e-16 ***
12064 -0.25150974  0.02765063  -9.0960 < 2.2e-16 ***
12065 -0.32362545  0.02764790 -11.7052 < 2.2e-16 ***
12066 -0.28494642  0.02766390 -10.3003 < 2.2e-16 ***
12067 -0.39237501  0.02762924 -14.2014 < 2.2e-16 ***
12068 -0.26152107  0.02763309  -9.4641 < 2.2e-16 ***
12069 -0.32487618  0.02765176 -11.7488 < 2.2e-16 ***
12070 -0.26378096  0.02760733  -9.5547 < 2.2e-16 ***
12071 -0.37790163  0.02762939 -13.6775 < 2.2e-16 ***
12072 -0.36008957  0.02763925 -13.0282 < 2.2e-16 ***
12073 -0.24311081  0.02762864  -8.7992 < 2.2e-16 ***
13051 -0.17353680  0.03288290  -5.2774 1.310e-07 ***
13052 -0.09692347  0.03288359  -2.9475 0.0032038 ** 
13053 -0.22474943  0.03285750  -6.8401 7.912e-12 ***
13054 -0.26353705  0.03285994  -8.0200 1.110e-15 ***
13055 -0.22628410  0.03289957  -6.8780 6.069e-12 ***
13056 -0.28403282  0.03289847  -8.6336 < 2.2e-16 ***
13057 -0.15520608  0.03281276  -4.7301 2.245e-06 ***
13058 -0.11526828  0.03289677  -3.5039 0.0004584 ***
13059 -0.18629490  0.03286295  -5.6688 1.438e-08 ***
13060 -0.25718078  0.03285019  -7.8289 4.885e-15 ***
13061 -0.15481713  0.03279904  -4.7202 2.356e-06 ***
13062 -0.15393637  0.03285445  -4.6854 2.794e-06 ***
14511 -0.04509939  0.03281950  -1.3742 0.1693906    
14521 -0.12942240  0.02765520  -4.6799 2.871e-06 ***
14522 -0.00074233  0.02760294  -0.0269 0.9785450    
14523 -0.12621280  0.02763034  -4.5679 4.926e-06 ***
14524 -0.04334176  0.02757433  -1.5718 0.1159934    
14625 -0.09638743  0.02760183  -3.4921 0.0004793 ***
14626 -0.04667220  0.02763697  -1.6888 0.0912656 .  
14627 -0.13142732  0.02760505  -4.7610 1.926e-06 ***
14628 -0.12010751  0.03040201  -3.9506 7.794e-05 ***
14713 -0.02397441  0.02847514  -0.8419 0.3998206    
14729 -0.07078038  0.02762913  -2.5618 0.0104131 *  
14730 -0.14847536  0.02764587  -5.3706 7.847e-08 ***
15001 -0.15661342  0.03798229  -4.1233 3.734e-05 ***
15081 -0.26610207  0.02759217  -9.6441 < 2.2e-16 ***
15082 -0.14018161  0.03602061  -3.8917 9.954e-05 ***
15083  0.00417624  0.03594536   0.1162 0.9075075    
15084  0.01714904  0.03598444   0.4766 0.6336696    
15085  0.02031841  0.03594449   0.5653 0.5718889    
15086 -0.29299169  0.03596404  -8.1468 4.441e-16 ***
15087  0.05724011  0.03602442   1.5889 0.1120772    
15088 -0.06881130  0.03598514  -1.9122 0.0558487 .  
15089 -0.05618070  0.03603368  -1.5591 0.1189688    
15090 -0.24807605  0.02758498  -8.9932 < 2.2e-16 ***
15091 -0.29758631  0.03596200  -8.2750 2.220e-16 ***
16051 -0.11623203  0.03791741  -3.0654 0.0021738 ** 
16056 -0.02547851  0.03284018  -0.7758 0.4378473    
16061  0.00483072  0.02762389   0.1749 0.8611780    
16062  0.03651799  0.02761928   1.3222 0.1861043    
16063  0.00581397  0.02761583   0.2105 0.8332538    
16064  0.00712490  0.02762847   0.2579 0.7964977    
16065 -0.07120200  0.02762905  -2.5771 0.0099642 ** 
16066 -0.19394635  0.02768787  -7.0047 2.474e-12 ***
16067  0.00453911  0.02762303   0.1643 0.8694767    
16068 -0.00155229  0.02761678  -0.0562 0.9551760    
16069 -0.18071696  0.02759268  -6.5495 5.775e-11 ***
16070 -0.19347350  0.02762967  -7.0024 2.516e-12 ***
16071  0.03890042  0.02760051   1.4094 0.1587141    
16072 -0.00094006  0.02847616  -0.0330 0.9736648    
16073 -0.15009409  0.02763155  -5.4320 5.573e-08 ***
16074 -0.01252263  0.02760166  -0.4537 0.6500510    
16075 -0.10041308  0.02762573  -3.6348 0.0002782 ***
16076 -0.02726638  0.02758726  -0.9884 0.3229722    
16077  0.07334494  0.02760979   2.6565 0.0078960 ** 
---
Signif. codes:  0 ‘***’ 0.001 ‘**’ 0.01 ‘*’ 0.05 ‘.’ 0.1 ‘ ’ 1
