        Estimate Std. Error  t-value  Pr(>|t|)    
1001  -0.1358700  0.0243656  -5.5763 2.457e-08 ***
1002  -0.1160162  0.0243515  -4.7642 1.896e-06 ***
1003  -0.1000484  0.0243686  -4.1056 4.032e-05 ***
1004  -0.0531724  0.0243183  -2.1865 0.0287776 *  
1051  -0.1671770  0.0243142  -6.8757 6.169e-12 ***
1053  -0.1084817  0.0243367  -4.4575 8.291e-06 ***
1054  -0.1321816  0.0243414  -5.4303 5.626e-08 ***
1055  -0.1056430  0.0244142  -4.3271 1.511e-05 ***
1056  -0.1762701  0.0243643  -7.2348 4.663e-13 ***
1057  -0.1560715  0.0243586  -6.4072 1.482e-10 ***
1058  -0.1395956  0.0243253  -5.7387 9.540e-09 ***
1059  -0.1716950  0.0243315  -7.0565 1.708e-12 ***
1060  -0.1183434  0.0243464  -4.8608 1.169e-06 ***
1061  -0.1377586  0.0243725  -5.6522 1.584e-08 ***
1062  -0.1106778  0.0243402  -4.5471 5.439e-06 ***
3103   0.0918784  0.0277829   3.3070 0.0009430 ***
3151   0.1121022  0.0242766   4.6177 3.880e-06 ***
3152   0.1303286  0.0242702   5.3699 7.878e-08 ***
3153   0.1761176  0.0250410   7.0332 2.019e-12 ***
3154   0.1309820  0.0250362   5.2317 1.679e-07 ***
3155   0.1555202  0.0243208   6.3945 1.610e-10 ***
3156   0.0968397  0.0243089   3.9837 6.785e-05 ***
3157   0.1547510  0.0250299   6.1827 6.303e-10 ***
3158   0.2299989  0.0316297   7.2716 3.553e-13 ***
3241   0.1053143  0.0242700   4.3393 1.430e-05 ***
3251   0.0747849  0.0242826   3.0798 0.0020716 ** 
3252   0.1360856  0.0243012   5.6000 2.144e-08 ***
3254   0.1292983  0.0243163   5.3174 1.053e-07 ***
3255   0.1152176  0.0243421   4.7333 2.209e-06 ***
3256   0.0725152  0.0242807   2.9865 0.0028215 ** 
3257   0.1171663  0.0243076   4.8202 1.434e-06 ***
3351   0.0921051  0.0242967   3.7908 0.0001501 ***
3352   0.0618827  0.0243196   2.5446 0.0109414 *  
3353   0.0368680  0.0243362   1.5149 0.1297861    
3354   0.0573202  0.0242845   2.3604 0.0182574 *  
3355  -0.0086831  0.0243257  -0.3570 0.7211284    
3356   0.0392097  0.0243032   1.6134 0.1066667    
3357   0.0283560  0.0243435   1.1648 0.2440901    
3358   0.0273677  0.0243243   1.1251 0.2605381    
3359   0.0626298  0.0243582   2.5712 0.0101345 *  
3360   0.0812465  0.0242825   3.3459 0.0008202 ***
3361   0.0545469  0.0243029   2.2445 0.0248030 *  
3404   0.0454722  0.0268069   1.6963 0.0898320 .  
3451   0.0334064  0.0242867   1.3755 0.1689767    
3452   0.0338127  0.0243132   1.3907 0.1643116    
3453   0.0412882  0.0243016   1.6990 0.0893214 .  
3454   0.0102450  0.0243022   0.4216 0.6733402    
3455   0.0074624  0.0243139   0.3069 0.7589052    
3456   0.0567017  0.0243077   2.3327 0.0196656 *  
3457   0.0248874  0.0242822   1.0249 0.3053981    
3458   0.0199263  0.0242832   0.8206 0.4118870    
3459   0.0463957  0.0242834   1.9106 0.0560573 .  
3460   0.0453719  0.0242848   1.8683 0.0617168 .  
3461   0.0065853  0.0243137   0.2708 0.7865080    
3462   0.0244464  0.0243147   1.0054 0.3146954    
5116   0.2385821  0.0242748   9.8284 < 2.2e-16 ***
5119   0.2268923  0.0277749   8.1690 2.220e-16 ***
5154   0.1490220  0.0242909   6.1349 8.522e-10 ***
5158   0.1210387  0.0242989   4.9812 6.318e-07 ***
5162   0.0518908  0.0243031   2.1352 0.0327484 *  
5166   0.0217680  0.0242827   0.8964 0.3700162    
5170   0.1825332  0.0242964   7.5128 5.795e-14 ***
5316  -0.3073348  0.0250552 -12.2663 < 2.2e-16 ***
5358   0.1279594  0.0242947   5.2670 1.387e-07 ***
5362   0.1774700  0.0242819   7.3087 2.698e-13 ***
5366   0.0554548  0.0243144   2.2807 0.0225640 *  
5370   0.2141007  0.0242897   8.8145 < 2.2e-16 ***
5374  -0.0431016  0.0244014  -1.7664 0.0773361 .  
5382   0.1330450  0.0242828   5.4790 4.278e-08 ***
5515  -0.0047172  0.0250687  -0.1882 0.8507416    
5554   0.1224334  0.0242796   5.0426 4.591e-07 ***
5558   0.1255403  0.0242952   5.1673 2.375e-07 ***
5562   0.0562711  0.0242947   2.3162 0.0205478 *  
5566   0.0271439  0.0242958   1.1172 0.2638977    
5570   0.0314258  0.0243024   1.2931 0.1959726    
5711   0.0948312  0.0250330   3.7882 0.0001517 ***
5754  -0.0272004  0.0242746  -1.1205 0.2624884    
5758   0.1539555  0.0243113   6.3327 2.409e-10 ***
5762   0.1316318  0.0243023   5.4164 6.080e-08 ***
5766   0.0662283  0.0243136   2.7239 0.0064512 ** 
5770   0.0975186  0.0243100   4.0115 6.035e-05 ***
5774   0.0629388  0.0243266   2.5872 0.0096749 ** 
5913   0.1980631  0.0258602   7.6590 1.865e-14 ***
5914   0.2824885  0.0316435   8.9272 < 2.2e-16 ***
5915   0.1796047  0.0242972   7.3920 1.446e-13 ***
5954   0.0106163  0.0250938   0.4231 0.6722490    
5958  -0.0908528  0.0244200  -3.7204 0.0001989 ***
5962  -0.0259662  0.0243556  -1.0661 0.2863661    
5966  -0.2110366  0.0244271  -8.6395 < 2.2e-16 ***
5970   0.0226296  0.0244366   0.9261 0.3544177    
5974   0.0945167  0.0242857   3.8919 9.948e-05 ***
5978   0.1275674  0.0242973   5.2503 1.519e-07 ***
6411   0.1409857  0.0250377   5.6309 1.792e-08 ***
6412   0.1686916  0.0250977   6.7214 1.800e-11 ***
6413   0.1513701  0.0316685   4.7798 1.754e-06 ***
6414   0.1869928  0.0243235   7.6877 1.488e-14 ***
6431   0.1570241  0.0243317   6.4535 1.093e-10 ***
6432   0.2604970  0.0242878  10.7254 < 2.2e-16 ***
6433   0.1972946  0.0243428   8.1048 4.441e-16 ***
6434   0.0849363  0.0242915   3.4965 0.0004713 ***
6435   0.0745298  0.0242868   3.0687 0.0021497 ** 
6436   0.1778788  0.0243427   7.3073 2.727e-13 ***
6437  -0.0147003  0.0242797  -0.6055 0.5448765    
6438   0.1670722  0.0250516   6.6691 2.573e-11 ***
6439   0.0954965  0.0243022   3.9295 8.511e-05 ***
6440   0.1924172  0.0242693   7.9284 2.220e-15 ***
6531   0.1683565  0.0242654   6.9381 3.973e-12 ***
6532   0.1283505  0.0250093   5.1321 2.865e-07 ***
6533   0.0765609  0.0242658   3.1551 0.0016044 ** 
6534   0.1719618  0.0242917   7.0790 1.452e-12 ***
6535   0.1411824  0.0243242   5.8042 6.468e-09 ***
6611   0.1474019  0.0277490   5.3120 1.084e-07 ***
6631   0.0917755  0.0242977   3.7771 0.0001586 ***
6632   0.0907349  0.0243153   3.7316 0.0001903 ***
6633   0.1574639  0.0243004   6.4799 9.179e-11 ***
6634   0.1809563  0.0242864   7.4509 9.259e-14 ***
6635   0.1509323  0.0243397   6.2011 5.608e-10 ***
6636   0.1421619  0.0242883   5.8531 4.825e-09 ***
7132   0.0504993  0.0288876   1.7481 0.0804416 .  
7134  -0.0277964  0.0317408  -0.8757 0.3811771    
7137   0.0908651  0.0267687   3.3944 0.0006877 ***
7138   0.1285671  0.0277756   4.6288 3.678e-06 ***
7140   0.0710407  0.0302470   2.3487 0.0188397 *  
7141   0.0837241  0.0250088   3.3478 0.0008146 ***
7143   0.1018425  0.0258528   3.9393 8.171e-05 ***
7231   0.0633432  0.0243133   2.6053 0.0091797 ** 
7232   0.0524724  0.0243357   2.1562 0.0310692 *  
7235   0.0615809  0.0243355   2.5305 0.0113903 *  
7333   0.0654568  0.0267980   2.4426 0.0145819 *  
7336  -0.0112723  0.0243099  -0.4637 0.6428695    
7340   0.0495940  0.0258565   1.9180 0.0551048 .  
8115   0.0591317  0.0277472   2.1311 0.0330823 *  
8116   0.0570309  0.0243095   2.3460 0.0189745 *  
8117   0.0868373  0.0251019   3.4594 0.0005414 ***
8118   0.1432504  0.0242888   5.8978 3.684e-09 ***
8119   0.0404042  0.0243112   1.6620 0.0965210 .  
8125   0.0809263  0.0242956   3.3309 0.0008656 ***
8126   0.0837307  0.0242901   3.4471 0.0005666 ***
8127   0.0236859  0.0243087   0.9744 0.3298676    
8128   0.0463401  0.0242846   1.9082 0.0563640 .  
8135   0.0150812  0.0288879   0.5221 0.6016301    
8136   0.0249955  0.0242936   1.0289 0.3035303    
8215   0.0489177  0.0289271   1.6911 0.0908233 .  
8216   0.0333353  0.0289390   1.1519 0.2493552    
8225   0.0041521  0.0242837   0.1710 0.8642390    
8226   0.0515688  0.0243317   2.1194 0.0340560 *  
8235  -0.0261647  0.0289188  -0.9048 0.3655899    
8236   0.1142455  0.0242715   4.7070 2.514e-06 ***
8237   0.0293815  0.0243587   1.2062 0.2277398    
8315   0.0215053  0.0289361   0.7432 0.4573595    
8316   0.0701361  0.0316802   2.2139 0.0268372 *  
8317   0.0399235  0.0268166   1.4888 0.1365506    
8325  -0.0392771  0.0244161  -1.6087 0.1076925    
8326   0.0481273  0.0290352   1.6575 0.0974084 .  
8327   0.0172739  0.0252170   0.6850 0.4933369    
8335   0.0237096  0.0243402   0.9741 0.3300110    
8336   0.0939468  0.0289294   3.2475 0.0011644 ** 
8337   0.0096676  0.0243727   0.3967 0.6916199    
8415  -0.1021589  0.0251528  -4.0615 4.875e-05 ***
8416   0.0239339  0.0288737   0.8289 0.4071520    
8417  -0.0370374  0.0243651  -1.5201 0.1284859    
8425   0.0411081  0.0243193   1.6904 0.0909606 .  
8426   0.0549908  0.0243446   2.2588 0.0238928 *  
8435   0.0902909  0.0289377   3.1202 0.0018074 ** 
8436  -0.0081324  0.0243649  -0.3338 0.7385497    
8437   0.0134762  0.0244270   0.5517 0.5811596    
9161   0.1027991  0.0242921   4.2318 2.318e-05 ***
9162   0.1061278  0.0243910   4.3511 1.355e-05 ***
9163   0.0945265  0.0247008   3.8269 0.0001298 ***
9171   0.1301019  0.0243680   5.3390 9.344e-08 ***
9172   0.1380854  0.0245140   5.6329 1.772e-08 ***
9173  -0.0787311  0.0246933  -3.1884 0.0014308 ** 
9174   0.0607747  0.0243704   2.4938 0.0126386 *  
9175   0.1125513  0.0244170   4.6095 4.036e-06 ***
9176   0.1462204  0.0243006   6.0172 1.775e-09 ***
9177   0.1620650  0.0243427   6.6576 2.783e-11 ***
9178   0.0620804  0.0243282   2.5518 0.0107171 *  
9179   0.1217523  0.0244030   4.9892 6.062e-07 ***
9181   0.0821852  0.0244556   3.3606 0.0007778 ***
9182   0.0641202  0.0247382   2.5920 0.0095432 ** 
9183   0.1637882  0.0243397   6.7293 1.705e-11 ***
9184   0.0420406  0.0244259   1.7211 0.0852239 .  
9185   0.1382144  0.0243134   5.6847 1.310e-08 ***
9186   0.1210270  0.0242916   4.9823 6.285e-07 ***
9187   0.1535085  0.0245127   6.2624 3.791e-10 ***
9188   0.0354287  0.0244889   1.4467 0.1479734    
9189   0.0995665  0.0243987   4.0808 4.488e-05 ***
9190   0.1440434  0.0246043   5.8544 4.787e-09 ***
9261   0.1661471  0.0243237   6.8307 8.453e-12 ***
9262   0.1295135  0.0243320   5.3228 1.022e-07 ***
9263   0.1957941  0.0242803   8.0639 6.661e-16 ***
9271   0.1617294  0.0243234   6.6491 2.949e-11 ***
9272   0.0420196  0.0243645   1.7246 0.0845952 .  
9273   0.1368859  0.0242840   5.6369 1.732e-08 ***
9274   0.1685250  0.0243126   6.9316 4.162e-12 ***
9275   0.1285678  0.0243273   5.2849 1.258e-07 ***
9276   0.0175162  0.0243800   0.7185 0.4724687    
9277   0.1725681  0.0243409   7.0896 1.345e-12 ***
9278   0.1263750  0.0242805   5.2048 1.942e-07 ***
9279   0.1543755  0.0243087   6.3506 2.145e-10 ***
9361   0.1171569  0.0243162   4.8181 1.450e-06 ***
9362   0.1523496  0.0243297   6.2619 3.804e-10 ***
9363   0.1025059  0.0243139   4.2159 2.487e-05 ***
9371   0.1173245  0.0243176   4.8247 1.402e-06 ***
9372   0.1225592  0.0243339   5.0366 4.740e-07 ***
9373   0.0823444  0.0243253   3.3851 0.0007114 ***
9374   0.0590315  0.0243623   2.4231 0.0153901 *  
9375   0.1018662  0.0242784   4.1958 2.720e-05 ***
9376   0.0783596  0.0243091   3.2235 0.0012665 ** 
9377   0.0975745  0.0243671   4.0043 6.219e-05 ***
9461   0.0733491  0.0267446   2.7426 0.0060959 ** 
9462   0.0719591  0.0242890   2.9626 0.0030503 ** 
9463   0.0854816  0.0242693   3.5222 0.0004280 ***
9464   0.0311255  0.0243494   1.2783 0.2011476    
9471   0.0589845  0.0243142   2.4259 0.0152692 *  
9472   0.0524795  0.0242841   2.1611 0.0306902 *  
9473   0.0550480  0.0242794   2.2673 0.0233734 *  
9474   0.0997886  0.0243094   4.1049 4.044e-05 ***
9475   0.0269078  0.0243881   1.1033 0.2698894    
9476  -0.0407125  0.0243190  -1.6741 0.0941100 .  
9477   0.1388998  0.0242866   5.7192 1.070e-08 ***
9478   0.0759959  0.0242804   3.1299 0.0017485 ** 
9479   0.0132337  0.0243898   0.5426 0.5874104    
9561   0.1434679  0.0243449   5.8931 3.789e-09 ***
9562   0.0435150  0.0242752   1.7926 0.0730415 .  
9563   0.0445956  0.0243021   1.8351 0.0664981 .  
9564   0.0803929  0.0242903   3.3097 0.0009341 ***
9565   0.0964085  0.0243338   3.9619 7.435e-05 ***
9571   0.0937518  0.0242868   3.8602 0.0001133 ***
9572   0.0361579  0.0242778   1.4893 0.1363973    
9573   0.0347605  0.0242950   1.4308 0.1524977    
9574   0.0601729  0.0242916   2.4771 0.0132451 *  
9575   0.0879236  0.0243110   3.6166 0.0002985 ***
9576   0.0814107  0.0242763   3.3535 0.0007980 ***
9577   0.1266735  0.0242759   5.2181 1.808e-07 ***
9661   0.1289860  0.0243203   5.3036 1.135e-07 ***
9662   0.0669638  0.0242909   2.7567 0.0058380 ** 
9663   0.2060041  0.0242850   8.4828 < 2.2e-16 ***
9671   0.1180967  0.0242979   4.8604 1.172e-06 ***
9672   0.0290819  0.0242853   1.1975 0.2311083    
9673   0.0626766  0.0242979   2.5795 0.0098941 ** 
9674   0.0601503  0.0242823   2.4771 0.0132448 *  
9675   0.0699036  0.0243248   2.8738 0.0040562 ** 
9676   0.0868926  0.0243238   3.5723 0.0003538 ***
9677   0.1107193  0.0242793   4.5602 5.109e-06 ***
9678   0.1003189  0.0243053   4.1274 3.668e-05 ***
9679   0.1993672  0.0242904   8.2077 2.220e-16 ***
9761   0.1699179  0.0243683   6.9729 3.105e-12 ***
9762   0.1246303  0.0246131   5.0636 4.115e-07 ***
9764   0.1250586  0.0245125   5.1018 3.364e-07 ***
9771   0.1369167  0.0243630   5.6199 1.911e-08 ***
9772   0.1551785  0.0243731   6.3668 1.930e-10 ***
9773   0.1534259  0.0243271   6.3068 2.849e-10 ***
9774   0.1729690  0.0243419   7.1058 1.196e-12 ***
9775   0.1563496  0.0243250   6.4275 1.297e-10 ***
9777   0.1326532  0.0245031   5.4137 6.172e-08 ***
9778   0.1290049  0.0244657   5.2729 1.343e-07 ***
9779   0.1302732  0.0242760   5.3663 8.035e-08 ***
10041  0.0278380  0.0243106   1.1451 0.2521686    
10042  0.0537129  0.0243236   2.2083 0.0272258 *  
10043  0.0080206  0.0243023   0.3300 0.7413737    
10044  0.0479608  0.0243181   1.9722 0.0485838 *  
10045 -0.0162337  0.0243240  -0.6674 0.5045191    
10046 -0.0124281  0.0243466  -0.5105 0.6097250    
12053 -0.1800618  0.0250793  -7.1797 6.988e-13 ***
12060 -0.3465143  0.0243346 -14.2395 < 2.2e-16 ***
12061 -0.3487998  0.0243071 -14.3497 < 2.2e-16 ***
12062 -0.3083143  0.0242903 -12.6929 < 2.2e-16 ***
12063 -0.2445603  0.0243401 -10.0476 < 2.2e-16 ***
12064 -0.2218452  0.0243056  -9.1273 < 2.2e-16 ***
12065 -0.2817348  0.0243522 -11.5692 < 2.2e-16 ***
12066 -0.2591159  0.0243050 -10.6610 < 2.2e-16 ***
12067 -0.3654427  0.0242985 -15.0397 < 2.2e-16 ***
12068 -0.2164446  0.0243334  -8.8950 < 2.2e-16 ***
12069 -0.2840869  0.0243109 -11.6856 < 2.2e-16 ***
12070 -0.2265847  0.0242979  -9.3253 < 2.2e-16 ***
12071 -0.3562728  0.0243189 -14.6501 < 2.2e-16 ***
12072 -0.3214399  0.0243130 -13.2209 < 2.2e-16 ***
12073 -0.2114259  0.0243220  -8.6928 < 2.2e-16 ***
13051 -0.1366716  0.0289583  -4.7196 2.363e-06 ***
13052 -0.0524405  0.0289280  -1.8128 0.0698638 .  
13053 -0.1809203  0.0289255  -6.2547 3.983e-10 ***
13054 -0.2346608  0.0289236  -8.1131 4.441e-16 ***
13055 -0.1874780  0.0289530  -6.4752 9.466e-11 ***
13056 -0.2459039  0.0288958  -8.5100 < 2.2e-16 ***
13057 -0.1106746  0.0289776  -3.8193 0.0001338 ***
13058 -0.0891737  0.0289298  -3.0824 0.0020533 ** 
13059 -0.1298790  0.0289657  -4.4839 7.329e-06 ***
13060 -0.2227382  0.0289291  -7.6995 1.377e-14 ***
13061 -0.0900453  0.0290671  -3.0978 0.0019494 ** 
13062 -0.1236418  0.0289107  -4.2767 1.897e-05 ***
14511 -0.0680527  0.0288818  -2.3563 0.0184604 *  
14521 -0.1735332  0.0243793  -7.1180 1.095e-12 ***
14522 -0.0155639  0.0242860  -0.6409 0.5216151    
14523 -0.1463905  0.0243099  -6.0218 1.724e-09 ***
14524 -0.0449125  0.0242840  -1.8495 0.0643901 .  
14625 -0.0897262  0.0243129  -3.6905 0.0002238 ***
14626 -0.0523737  0.0243099  -2.1544 0.0312070 *  
14627 -0.1094806  0.0242770  -4.5096 6.494e-06 ***
14628 -0.1303733  0.0268197  -4.8611 1.167e-06 ***
14713  0.0041640  0.0250649   0.1661 0.8680549    
14729 -0.0476099  0.0242937  -1.9598 0.0500237 .  
14730 -0.1169266  0.0242755  -4.8166 1.460e-06 ***
15001 -0.0846428  0.0334402  -2.5312 0.0113683 *  
15081 -0.2356656  0.0242679  -9.7110 < 2.2e-16 ***
15082 -0.0754859  0.0317299  -2.3790 0.0173588 *  
15083  0.0490496  0.0316089   1.5518 0.1207187    
15084  0.0513551  0.0316219   1.6240 0.1043678    
15085  0.0456534  0.0316035   1.4446 0.1485792    
15086 -0.2396439  0.0316622  -7.5688 3.775e-14 ***
15087  0.0742909  0.0316132   2.3500 0.0187736 *  
15088 -0.0190034  0.0316530  -0.6004 0.5482615    
15089 -0.0015296  0.0316784  -0.0483 0.9614892    
15090 -0.2159643  0.0242644  -8.9005 < 2.2e-16 ***
15091 -0.2455289  0.0317007  -7.7452 9.548e-15 ***
16051 -0.0906805  0.0333107  -2.7223 0.0064836 ** 
16056 -0.0157268  0.0289004  -0.5442 0.5863231    
16061 -0.0088246  0.0243082  -0.3630 0.7165814    
16062  0.0390351  0.0242840   1.6074 0.1079571    
16063  0.0049648  0.0242822   0.2045 0.8379925    
16064  0.0096296  0.0242490   0.3971 0.6912837    
16065 -0.0523380  0.0242640  -2.1570 0.0310041 *  
16066 -0.2006355  0.0243173  -8.2507 2.220e-16 ***
16067  0.0038944  0.0242686   0.1605 0.8725104    
16068  0.0314903  0.0242631   1.2979 0.1943339    
16069 -0.1888622  0.0242795  -7.7787 7.327e-15 ***
16070 -0.1985143  0.0243108  -8.1657 2.220e-16 ***
16071  0.0529365  0.0242615   2.1819 0.0291159 *  
16072 -0.0306208  0.0250316  -1.2233 0.2212215    
16073 -0.1659746  0.0243173  -6.8254 8.770e-12 ***
16074 -0.0021741  0.0242548  -0.0896 0.9285750    
16075 -0.1183957  0.0243339  -4.8655 1.142e-06 ***
16076 -0.0251134  0.0242807  -1.0343 0.3009965    
16077  0.0810615  0.0242705   3.3399 0.0008380 ***
---
Signif. codes:  0 ‘***’ 0.001 ‘**’ 0.01 ‘*’ 0.05 ‘.’ 0.1 ‘ ’ 1
