         Estimate  Std. Error  t-value  Pr(>|t|)    
1001  -0.12432655  0.02754387  -4.5138 6.369e-06 ***
1002  -0.12645382  0.02750071  -4.5982 4.262e-06 ***
1003  -0.12925346  0.02754474  -4.6925 2.699e-06 ***
1004  -0.05785943  0.02751794  -2.1026 0.0355001 *  
1051  -0.15856833  0.02754766  -5.7561 8.606e-09 ***
1053  -0.13398473  0.02755058  -4.8632 1.155e-06 ***
1054  -0.12617244  0.02761098  -4.5696 4.885e-06 ***
1055  -0.14460343  0.02751100  -5.2562 1.471e-07 ***
1056  -0.17873877  0.02754451  -6.4891 8.636e-11 ***
1057  -0.16822395  0.02748709  -6.1201 9.351e-10 ***
1058  -0.14125171  0.02750933  -5.1347 2.826e-07 ***
1059  -0.16731464  0.02752934  -6.0777 1.219e-09 ***
1060  -0.12763835  0.02749949  -4.6415 3.459e-06 ***
1061  -0.13557967  0.02753107  -4.9246 8.453e-07 ***
1062  -0.13360621  0.02751994  -4.8549 1.205e-06 ***
3103   0.04640561  0.03152047   1.4722 0.1409568    
3151   0.08848911  0.02752426   3.2149 0.0013047 ** 
3152   0.14424837  0.02750607   5.2442 1.569e-07 ***
3153   0.16871276  0.02840186   5.9402 2.847e-09 ***
3154   0.09767927  0.02839173   3.4404 0.0005808 ***
3155   0.14497327  0.02750507   5.2708 1.358e-07 ***
3156   0.10916351  0.02751810   3.9670 7.279e-05 ***
3157   0.12199155  0.02838990   4.2970 1.731e-05 ***
3158   0.19404900  0.03588064   5.4082 6.367e-08 ***
3241   0.08535346  0.02753878   3.0994 0.0019392 ** 
3251   0.06686824  0.02750288   2.4313 0.0150440 *  
3252   0.13280019  0.02752304   4.8251 1.400e-06 ***
3254   0.11365394  0.02754573   4.1260 3.691e-05 ***
3255   0.12079333  0.02750293   4.3920 1.123e-05 ***
3256   0.06307336  0.02750978   2.2928 0.0218617 *  
3257   0.10910532  0.02750736   3.9664 7.296e-05 ***
3351   0.07542321  0.02753469   2.7392 0.0061588 ** 
3352   0.05359605  0.02756294   1.9445 0.0518356 .  
3353   0.02009004  0.02754102   0.7295 0.4657209    
3354   0.02618606  0.02752938   0.9512 0.3415007    
3355  -0.02868890  0.02753400  -1.0419 0.2974374    
3356   0.03614853  0.02754052   1.3126 0.1893319    
3357   0.02472217  0.02757828   0.8964 0.3700197    
3358   0.01980561  0.02752065   0.7197 0.4717320    
3359   0.05770970  0.02753892   2.0956 0.0361205 *  
3360   0.06631875  0.02751826   2.4100 0.0159529 *  
3361   0.04719385  0.02754216   1.7135 0.0866181 .  
3404   0.03602462  0.03032251   1.1880 0.2348142    
3451   0.03159721  0.02751695   1.1483 0.2508524    
3452   0.03999497  0.02754908   1.4518 0.1465652    
3453   0.04329623  0.02749874   1.5745 0.1153764    
3454   0.01302192  0.02754567   0.4727 0.6363993    
3455   0.00097086  0.02752430   0.0353 0.9718621    
3456   0.05593737  0.02756637   2.0292 0.0424391 *  
3457   0.02494228  0.02750284   0.9069 0.3644606    
3458   0.01740149  0.02750864   0.6326 0.5270062    
3459   0.05121058  0.02752359   1.8606 0.0627998 .  
3460   0.03575702  0.02749780   1.3004 0.1934779    
3461  -0.00752057  0.02751397  -0.2733 0.7845946    
3462   0.01952853  0.02753828   0.7091 0.4782369    
5116   0.22994737  0.02751826   8.3562 < 2.2e-16 ***
5119   0.23261476  0.03153414   7.3766 1.623e-13 ***
5154   0.14063232  0.02755827   5.1031 3.342e-07 ***
5158   0.13096950  0.02753324   4.7568 1.967e-06 ***
5162   0.03911721  0.02755162   1.4198 0.1556720    
5166   0.00941635  0.02751836   0.3422 0.7322122    
5170   0.17109255  0.02751725   6.2176 5.047e-10 ***
5316  -0.31323965  0.02839192 -11.0327 < 2.2e-16 ***
5358   0.10590841  0.02753810   3.8459 0.0001201 ***
5362   0.15863575  0.02751958   5.7645 8.192e-09 ***
5366   0.03551195  0.02758090   1.2876 0.1979006    
5370   0.20021594  0.02753580   7.2711 3.566e-13 ***
5374  -0.02175467  0.02763217  -0.7873 0.4311091    
5382   0.11233813  0.02754413   4.0785 4.533e-05 ***
5515  -0.00984071  0.02835738  -0.3470 0.7285727    
5554   0.11866720  0.02753032   4.3104 1.629e-05 ***
5558   0.12476863  0.02753610   4.5311 5.868e-06 ***
5562   0.05072037  0.02753337   1.8421 0.0654545 .  
5566   0.02074422  0.02753448   0.7534 0.4512153    
5570   0.02119415  0.02747791   0.7713 0.4405198    
5711   0.09125049  0.02834572   3.2192 0.0012855 ** 
5754  -0.03273219  0.02748992  -1.1907 0.2337721    
5758   0.14966431  0.02750387   5.4416 5.281e-08 ***
5762   0.13695897  0.02750545   4.9793 6.380e-07 ***
5766   0.07623294  0.02750195   2.7719 0.0055728 ** 
5770   0.08671213  0.02749954   3.1532 0.0016148 ** 
5774   0.06848127  0.02751640   2.4887 0.0128195 *  
5913   0.19857650  0.02926812   6.7847 1.163e-11 ***
5914   0.28587307  0.03586279   7.9713 1.554e-15 ***
5915   0.17589746  0.02749024   6.3985 1.569e-10 ***
5954   0.02497095  0.02834767   0.8809 0.3783817    
5958  -0.06369551  0.02759096  -2.3086 0.0209678 *  
5962   0.00173137  0.02751917   0.0629 0.9498341    
5966  -0.18637112  0.02757655  -6.7583 1.396e-11 ***
5970   0.04582402  0.02760536   1.6600 0.0969209 .  
5974   0.09884306  0.02748831   3.5958 0.0003234 ***
5978   0.13012661  0.02749397   4.7329 2.213e-06 ***
6411   0.10635821  0.02834573   3.7522 0.0001753 ***
6412   0.13192979  0.02841869   4.6424 3.445e-06 ***
6413   0.11534812  0.03583358   3.2190 0.0012864 ** 
6414   0.14388094  0.02758282   5.2163 1.825e-07 ***
6431   0.12376731  0.02755599   4.4915 7.073e-06 ***
6432   0.23417185  0.02752272   8.5083 < 2.2e-16 ***
6433   0.14555993  0.02757205   5.2793 1.297e-07 ***
6434   0.07390158  0.02753488   2.6839 0.0072763 ** 
6435   0.07004493  0.02751288   2.5459 0.0108998 *  
6436   0.13556046  0.02756441   4.9180 8.745e-07 ***
6437  -0.01335311  0.02751751  -0.4853 0.6274929    
6438   0.12938910  0.02840123   4.5558 5.220e-06 ***
6439   0.08988392  0.02753777   3.2640 0.0010984 ** 
6440   0.16824914  0.02751191   6.1155 9.625e-10 ***
6531   0.14978332  0.02749854   5.4470 5.124e-08 ***
6532   0.11899379  0.02832988   4.2003 2.666e-05 ***
6533   0.06540144  0.02748334   2.3797 0.0173279 *  
6534   0.16221694  0.02750512   5.8977 3.686e-09 ***
6535   0.14844046  0.02753979   5.3900 7.044e-08 ***
6611   0.13843789  0.03142564   4.4053 1.057e-05 ***
6631   0.10208624  0.02756258   3.7038 0.0002124 ***
6632   0.09797129  0.02756855   3.5537 0.0003798 ***
6633   0.15555484  0.02749251   5.6581 1.531e-08 ***
6634   0.18520741  0.02751152   6.7320 1.674e-11 ***
6635   0.15509666  0.02755610   5.6284 1.819e-08 ***
6636   0.15354249  0.02752315   5.5787 2.424e-08 ***
7132   0.05208454  0.03272164   1.5917 0.1114418    
7134  -0.03097837  0.03588479  -0.8633 0.3879874    
7137   0.07143100  0.03034690   2.3538 0.0185818 *  
7138   0.10750177  0.03141529   3.4220 0.0006217 ***
7140   0.06098849  0.03419941   1.7833 0.0745342 .  
7141   0.07212718  0.02837216   2.5422 0.0110163 *  
7143   0.10090263  0.02925523   3.4490 0.0005626 ***
7231   0.04377438  0.02754406   1.5892 0.1120041    
7232   0.03796920  0.02757219   1.3771 0.1684866    
7235   0.04381660  0.02752489   1.5919 0.1114094    
7333   0.01594748  0.03034388   0.5256 0.5991950    
7336  -0.04671046  0.02750719  -1.6981 0.0894854 .  
7340   0.03372527  0.02928381   1.1517 0.2494569    
8115   0.06820802  0.03145043   2.1687 0.0301019 *  
8116   0.06201330  0.02748942   2.2559 0.0240771 *  
8117   0.12210741  0.02839539   4.3003 1.706e-05 ***
8118   0.12016640  0.02752710   4.3654 1.269e-05 ***
8119   0.03586358  0.02750162   1.3041 0.1922153    
8125   0.06216219  0.02753439   2.2576 0.0239694 *  
8126   0.07543706  0.02752252   2.7409 0.0061267 ** 
8127   0.02901493  0.02754061   1.0535 0.2920970    
8128   0.03439036  0.02753031   1.2492 0.2115985    
8135   0.05181716  0.03285762   1.5770 0.1147906    
8136   0.04355846  0.02758708   1.5789 0.1143488    
8215   0.03653448  0.03274930   1.1156 0.2646017    
8216   0.02978687  0.03277350   0.9089 0.3634184    
8225  -0.00458972  0.02753515  -0.1667 0.8676173    
8226   0.03211016  0.02757993   1.1643 0.2443194    
8235  -0.01103787  0.03276954  -0.3368 0.7362426    
8236   0.11018951  0.02749980   4.0069 6.152e-05 ***
8237   0.05693474  0.02756345   2.0656 0.0388674 *  
8315   0.01840691  0.03273531   0.5623 0.5739148    
8316   0.07163546  0.03589937   1.9955 0.0459936 *  
8317   0.03477301  0.03036514   1.1452 0.2521421    
8325  -0.00062088  0.02763907  -0.0225 0.9820780    
8326   0.07238733  0.03294789   2.1970 0.0280187 *  
8327   0.05126614  0.02857630   1.7940 0.0728117 .  
8335   0.04755549  0.02750906   1.7287 0.0838590 .  
8336   0.09215698  0.03276452   2.8127 0.0049126 ** 
8337   0.03503235  0.02752224   1.2729 0.2030626    
8415  -0.06930954  0.02856902  -2.4260 0.0152647 *  
8416   0.03740282  0.03271262   1.1434 0.2528827    
8417  -0.00687756  0.02756911  -0.2495 0.8030001    
8425   0.06863759  0.02761742   2.4853 0.0129442 *  
8426   0.09405123  0.02756425   3.4121 0.0006447 ***
8435   0.13723541  0.03279115   4.1851 2.850e-05 ***
8436   0.03915200  0.02758366   1.4194 0.1557850    
8437   0.05617494  0.02766476   2.0306 0.0422997 *  
9161   0.09417577  0.02753025   3.4208 0.0006243 ***
9162   0.12285633  0.02755974   4.4578 8.280e-06 ***
9163   0.11617303  0.02773990   4.1879 2.815e-05 ***
9171   0.14482656  0.02754013   5.2587 1.450e-07 ***
9172   0.17567774  0.02777298   6.3255 2.524e-10 ***
9173  -0.04316097  0.02769326  -1.5585 0.1191060    
9174   0.07390061  0.02756709   2.6808 0.0073456 ** 
9175   0.14211442  0.02759620   5.1498 2.608e-07 ***
9176   0.15191745  0.02757688   5.5089 3.611e-08 ***
9177   0.18390979  0.02753748   6.6785 2.414e-11 ***
9178   0.07407425  0.02751870   2.6918 0.0071072 ** 
9179   0.14007840  0.02757480   5.0799 3.775e-07 ***
9181   0.10568740  0.02757832   3.8323 0.0001270 ***
9182   0.10122227  0.02777294   3.6446 0.0002678 ***
9183   0.18352293  0.02757011   6.6566 2.803e-11 ***
9184   0.06909940  0.02758125   2.5053 0.0122346 *  
9185   0.15239570  0.02756671   5.5283 3.234e-08 ***
9186   0.13203488  0.02753136   4.7958 1.620e-06 ***
9187   0.17921494  0.02761216   6.4904 8.559e-11 ***
9188   0.06870397  0.02761845   2.4876 0.0128604 *  
9189   0.12189440  0.02759280   4.4176 9.980e-06 ***
9190   0.18341185  0.02763993   6.6358 3.228e-11 ***
9261   0.16156606  0.02748445   5.8785 4.141e-09 ***
9262   0.13261437  0.02751942   4.8189 1.443e-06 ***
9263   0.17993895  0.02748420   6.5470 5.871e-11 ***
9271   0.15350491  0.02751161   5.5796 2.410e-08 ***
9272   0.06559603  0.02756937   2.3793 0.0173452 *  
9273   0.13604819  0.02753122   4.9416 7.748e-07 ***
9274   0.17102719  0.02750089   6.2190 5.004e-10 ***
9275   0.12778478  0.02751678   4.6439 3.419e-06 ***
9276   0.03732595  0.02763322   1.3508 0.1767711    
9277   0.17400563  0.02752567   6.3216 2.589e-10 ***
9278   0.11592429  0.02747607   4.2191 2.453e-05 ***
9279   0.14895657  0.02750291   5.4160 6.094e-08 ***
9361   0.09839945  0.02751650   3.5760 0.0003489 ***
9362   0.13407806  0.02751819   4.8723 1.103e-06 ***
9363   0.09556152  0.02752557   3.4717 0.0005171 ***
9371   0.11420310  0.02753974   4.1468 3.371e-05 ***
9372   0.12737964  0.02753877   4.6255 3.738e-06 ***
9373   0.09348756  0.02759007   3.3884 0.0007029 ***
9374   0.06833954  0.02756153   2.4795 0.0131557 *  
9375   0.09490287  0.02749509   3.4516 0.0005572 ***
9376   0.07614895  0.02752165   2.7669 0.0056597 ** 
9377   0.11989607  0.02772538   4.3244 1.529e-05 ***
9461   0.06088566  0.03031171   2.0087 0.0445741 *  
9462   0.09122578  0.02753570   3.3130 0.0009230 ***
9463   0.09215749  0.02747102   3.3547 0.0007945 ***
9464   0.04730416  0.02768238   1.7088 0.0874846 .  
9471   0.05793975  0.02750007   2.1069 0.0351267 *  
9472   0.07708072  0.02758984   2.7938 0.0052091 ** 
9473   0.06615430  0.02748161   2.4072 0.0160745 *  
9474   0.09636988  0.02756850   3.4957 0.0004729 ***
9475   0.04692772  0.02775429   1.6908 0.0908697 .  
9476  -0.01123910  0.02763218  -0.4067 0.6841991    
9477   0.16108061  0.02757009   5.8426 5.140e-09 ***
9478   0.08255641  0.02752746   2.9991 0.0027082 ** 
9479   0.02854820  0.02779595   1.0271 0.3043907    
9561   0.14484763  0.02755996   5.2557 1.474e-07 ***
9562   0.01780336  0.02755699   0.6461 0.5182430    
9563   0.02549837  0.02756721   0.9250 0.3549904    
9564   0.05501284  0.02753260   1.9981 0.0457060 *  
9565   0.07299497  0.02754751   2.6498 0.0080543 ** 
9571   0.10360244  0.02753505   3.7626 0.0001682 ***
9572   0.01556867  0.02752683   0.5656 0.5716783    
9573   0.01852726  0.02756375   0.6722 0.5014816    
9574   0.07505275  0.02759190   2.7201 0.0065262 ** 
9575   0.07234950  0.02751754   2.6292 0.0085582 ** 
9576   0.09076910  0.02757328   3.2919 0.0009951 ***
9577   0.13528926  0.02758959   4.9036 9.408e-07 ***
9661   0.09483312  0.02753160   3.4445 0.0005721 ***
9662   0.03374791  0.02751871   1.2264 0.2200624    
9663   0.17265106  0.02755177   6.2664 3.694e-10 ***
9671   0.10175211  0.02753263   3.6957 0.0002193 ***
9672   0.01779231  0.02752465   0.6464 0.5180115    
9673   0.05287522  0.02755412   1.9190 0.0549895 .  
9674   0.05634429  0.02749535   2.0492 0.0404397 *  
9675   0.04911218  0.02751684   1.7848 0.0742930 .  
9676   0.07168051  0.02748614   2.6079 0.0091105 ** 
9677   0.08601271  0.02751490   3.1260 0.0017718 ** 
9678   0.08081803  0.02750015   2.9388 0.0032946 ** 
9679   0.17271650  0.02750790   6.2788 3.412e-10 ***
9761   0.19450093  0.02756877   7.0551 1.725e-12 ***
9762   0.17103382  0.02781578   6.1488 7.807e-10 ***
9764   0.16477641  0.02763808   5.9619 2.493e-09 ***
9771   0.15770863  0.02757547   5.7192 1.070e-08 ***
9772   0.17878918  0.02757016   6.4849 8.880e-11 ***
9773   0.17096894  0.02755486   6.2047 5.481e-10 ***
9774   0.19331421  0.02753751   7.0200 2.218e-12 ***
9775   0.17090140  0.02753413   6.2069 5.404e-10 ***
9777   0.16141733  0.02761135   5.8460 5.034e-09 ***
9778   0.16234170  0.02758848   5.8844 3.995e-09 ***
9779   0.13884496  0.02758235   5.0338 4.808e-07 ***
10041  0.00123664  0.02752529   0.0449 0.9641652    
10042  0.02773534  0.02753639   1.0072 0.3138267    
10043 -0.01461139  0.02751223  -0.5311 0.5953583    
10044  0.00698887  0.02753473   0.2538 0.7996344    
10045 -0.03049113  0.02753550  -1.1073 0.2681475    
10046 -0.02792437  0.02751832  -1.0148 0.3102222    
12053 -0.21263663  0.02837500  -7.4938 6.684e-14 ***
12060 -0.38640888  0.02753056 -14.0356 < 2.2e-16 ***
12061 -0.38366791  0.02754360 -13.9295 < 2.2e-16 ***
12062 -0.34284502  0.02754598 -12.4463 < 2.2e-16 ***
12063 -0.29572560  0.02758101 -10.7221 < 2.2e-16 ***
12064 -0.26124541  0.02755237  -9.4818 < 2.2e-16 ***
12065 -0.32949097  0.02755287 -11.9585 < 2.2e-16 ***
12066 -0.27859987  0.02753181 -10.1192 < 2.2e-16 ***
12067 -0.40241228  0.02752064 -14.6222 < 2.2e-16 ***
12068 -0.26709034  0.02753279  -9.7008 < 2.2e-16 ***
12069 -0.32680174  0.02759714 -11.8419 < 2.2e-16 ***
12070 -0.26439645  0.02750711  -9.6119 < 2.2e-16 ***
12071 -0.37654829  0.02754462 -13.6705 < 2.2e-16 ***
12072 -0.35353009  0.02757529 -12.8205 < 2.2e-16 ***
12073 -0.24658111  0.02751809  -8.9607 < 2.2e-16 ***
13051 -0.17572249  0.03273574  -5.3679 7.965e-08 ***
13052 -0.10458738  0.03278931  -3.1897 0.0014243 ** 
13053 -0.22106362  0.03275451  -6.7491 1.488e-11 ***
13054 -0.26203392  0.03275315  -8.0003 1.332e-15 ***
13055 -0.23839273  0.03277835  -7.2729 3.519e-13 ***
13056 -0.28844441  0.03277003  -8.8021 < 2.2e-16 ***
13057 -0.15324261  0.03269055  -4.6877 2.763e-06 ***
13058 -0.11913400  0.03282912  -3.6289 0.0002846 ***
13059 -0.19112730  0.03276301  -5.8336 5.423e-09 ***
13060 -0.25383287  0.03273636  -7.7539 8.882e-15 ***
13061 -0.15469941  0.03268459  -4.7331 2.211e-06 ***
13062 -0.15747630  0.03273864  -4.8101 1.509e-06 ***
14511 -0.04125858  0.03273847  -1.2602 0.2075801    
14521 -0.13853162  0.02769065  -5.0028 5.649e-07 ***
14522 -0.00336357  0.02752201  -0.1222 0.9027297    
14523 -0.12530152  0.02759296  -4.5411 5.597e-06 ***
14524 -0.03558766  0.02749924  -1.2941 0.1956197    
14625 -0.09319419  0.02750111  -3.3887 0.0007021 ***
14626 -0.04056393  0.02754858  -1.4725 0.1408991    
14627 -0.12894819  0.02751216  -4.6870 2.773e-06 ***
14628 -0.12248905  0.03031166  -4.0410 5.323e-05 ***
14713 -0.02035345  0.02838065  -0.7172 0.4732756    
14729 -0.06859100  0.02750229  -2.4940 0.0126309 *  
14730 -0.14440359  0.02752701  -5.2459 1.555e-07 ***
15001 -0.14832431  0.03782906  -3.9209 8.822e-05 ***
15081 -0.26501030  0.02752325  -9.6286 < 2.2e-16 ***
15082 -0.13606377  0.03589989  -3.7901 0.0001506 ***
15083  0.01412978  0.03586866   0.3939 0.6936319    
15084  0.02363581  0.03582925   0.6597 0.5094597    
15085  0.01676227  0.03587054   0.4673 0.6402859    
15086 -0.28401022  0.03585032  -7.9221 2.442e-15 ***
15087  0.05293971  0.03586116   1.4762 0.1398792    
15088 -0.05786259  0.03586612  -1.6133 0.1066807    
15089 -0.04938404  0.03591781  -1.3749 0.1691568    
15090 -0.24776639  0.02753295  -8.9989 < 2.2e-16 ***
15091 -0.28869871  0.03587022  -8.0484 8.882e-16 ***
16051 -0.11186226  0.03776642  -2.9620 0.0030570 ** 
16056 -0.01322121  0.03272171  -0.4041 0.6861759    
16061  0.00572376  0.02759398   0.2074 0.8356758    
16062  0.03014260  0.02753843   1.0946 0.2737073    
16063  0.00678845  0.02751435   0.2467 0.8051218    
16064 -0.00027042  0.02753535  -0.0098 0.9921642    
16065 -0.07592226  0.02751230  -2.7596 0.0057877 ** 
16066 -0.19655511  0.02755683  -7.1327 9.841e-13 ***
16067 -0.00281319  0.02754737  -0.1021 0.9186598    
16068  0.00135553  0.02750635   0.0493 0.9606958    
16069 -0.18007112  0.02752495  -6.5421 6.066e-11 ***
16070 -0.19504696  0.02754521  -7.0810 1.432e-12 ***
16071  0.04560266  0.02749907   1.6583 0.0972500 .  
16072 -0.00306471  0.02840687  -0.1079 0.9140860    
16073 -0.15081885  0.02756506  -5.4714 4.465e-08 ***
16074 -0.01095200  0.02748104  -0.3985 0.6902402    
16075 -0.10681684  0.02756005  -3.8758 0.0001063 ***
16076 -0.02454949  0.02749364  -0.8929 0.3719027    
16077  0.07682975  0.02750310   2.7935 0.0052142 ** 
---
Signif. codes:  0 ‘***’ 0.001 ‘**’ 0.01 ‘*’ 0.05 ‘.’ 0.1 ‘ ’ 1
