         Estimate  Std. Error  t-value  Pr(>|t|)    
1001  -0.12763538  0.02689215  -4.7462 2.073e-06 ***
1002  -0.12185957  0.02688062  -4.5334 5.805e-06 ***
1003  -0.12220312  0.02688416  -4.5455 5.479e-06 ***
1004  -0.06065570  0.02685429  -2.2587 0.0239023 *  
1051  -0.15201686  0.02688868  -5.6536 1.572e-08 ***
1053  -0.12482241  0.02687876  -4.6439 3.419e-06 ***
1054  -0.13064933  0.02686974  -4.8623 1.160e-06 ***
1055  -0.13402660  0.02688859  -4.9845 6.212e-07 ***
1056  -0.17906663  0.02686000  -6.6667 2.617e-11 ***
1057  -0.16693243  0.02686228  -6.2144 5.153e-10 ***
1058  -0.14241984  0.02686793  -5.3007 1.153e-07 ***
1059  -0.16773278  0.02688547  -6.2388 4.410e-10 ***
1060  -0.12438639  0.02686399  -4.6302 3.653e-06 ***
1061  -0.13684673  0.02685714  -5.0954 3.481e-07 ***
1062  -0.12821587  0.02685207  -4.7749 1.798e-06 ***
3103   0.04401818  0.03062456   1.4373 0.1506189    
3151   0.09072427  0.02682330   3.3823 0.0007188 ***
3152   0.13699426  0.02681008   5.1098 3.225e-07 ***
3153   0.17411605  0.02762874   6.3020 2.938e-10 ***
3154   0.10235711  0.02761668   3.7064 0.0002103 ***
3155   0.14362750  0.02683923   5.3514 8.728e-08 ***
3156   0.11127126  0.02680236   4.1515 3.302e-05 ***
3157   0.12536003  0.02760425   4.5413 5.590e-06 ***
3158   0.20077633  0.03493987   5.7463 9.120e-09 ***
3241   0.08765521  0.02680826   3.2697 0.0010766 ** 
3251   0.06602765  0.02683333   2.4607 0.0138682 *  
3252   0.13372543  0.02682435   4.9852 6.189e-07 ***
3254   0.11620195  0.02681242   4.3339 1.465e-05 ***
3255   0.11273447  0.02682538   4.2025 2.639e-05 ***
3256   0.06072171  0.02686937   2.2599 0.0238283 *  
3257   0.11540087  0.02680880   4.3046 1.673e-05 ***
3351   0.07403224  0.02682207   2.7601 0.0057779 ** 
3352   0.06275025  0.02682864   2.3389 0.0193392 *  
3353   0.02228550  0.02685719   0.8298 0.4066644    
3354   0.02946280  0.02683620   1.0979 0.2722589    
3355  -0.02671304  0.02688931  -0.9934 0.3204934    
3356   0.03767802  0.02684045   1.4038 0.1603851    
3357   0.02373823  0.02685516   0.8839 0.3767312    
3358   0.01546949  0.02684163   0.5763 0.5643958    
3359   0.06005966  0.02682397   2.2390 0.0251540 *  
3360   0.06606140  0.02686203   2.4593 0.0139214 *  
3361   0.05022258  0.02686574   1.8694 0.0615684 .  
3404   0.04475156  0.02956309   1.5138 0.1300856    
3451   0.03157193  0.02681534   1.1774 0.2390426    
3452   0.04521960  0.02680983   1.6867 0.0916649 .  
3453   0.03679471  0.02684893   1.3704 0.1705512    
3454   0.01212073  0.02682084   0.4519 0.6513306    
3455   0.01512730  0.02682194   0.5640 0.5727611    
3456   0.05622367  0.02686942   2.0925 0.0363958 *  
3457   0.02273735  0.02681693   0.8479 0.3965086    
3458   0.01584135  0.02681786   0.5907 0.5547204    
3459   0.04991097  0.02682743   1.8604 0.0628225 .  
3460   0.03608620  0.02683563   1.3447 0.1787181    
3461  -0.00057730  0.02681681  -0.0215 0.9828248    
3462   0.03132679  0.02685228   1.1666 0.2433582    
5116   0.23711180  0.02680811   8.8448 < 2.2e-16 ***
5119   0.21859925  0.03062913   7.1370 9.541e-13 ***
5154   0.14034939  0.02686430   5.2244 1.747e-07 ***
5158   0.13232553  0.02686467   4.9256 8.409e-07 ***
5162   0.04028961  0.02686176   1.4999 0.1336437    
5166   0.01556183  0.02685151   0.5796 0.5622172    
5170   0.17098825  0.02681562   6.3764 1.813e-10 ***
5316  -0.28811271  0.02769483 -10.4031 < 2.2e-16 ***
5358   0.10522271  0.02683440   3.9212 8.811e-05 ***
5362   0.16525859  0.02681608   6.1627 7.153e-10 ***
5366   0.03728477  0.02684339   1.3890 0.1648406    
5370   0.19834392  0.02685462   7.3858 1.514e-13 ***
5374  -0.00314952  0.02690106  -0.1171 0.9067982    
5382   0.12089352  0.02683510   4.5051 6.636e-06 ***
5515   0.00332142  0.02770077   0.1199 0.9045597    
5554   0.12705761  0.02682561   4.7364 2.175e-06 ***
5558   0.12391827  0.02687397   4.6111 4.006e-06 ***
5562   0.05660677  0.02681861   2.1107 0.0347958 *  
5566   0.02643979  0.02685129   0.9847 0.3247838    
5570   0.02998165  0.02683147   1.1174 0.2638207    
5711   0.10099372  0.02768203   3.6483 0.0002639 ***
5754  -0.02714491  0.02683575  -1.0115 0.3117673    
5758   0.14949258  0.02685623   5.5664 2.601e-08 ***
5762   0.13754303  0.02683839   5.1249 2.978e-07 ***
5766   0.08716676  0.02684719   3.2468 0.0011672 ** 
5770   0.09307814  0.02682237   3.4702 0.0005201 ***
5774   0.07265367  0.02684767   2.7061 0.0068069 ** 
5913   0.21160998  0.02855118   7.4116 1.248e-13 ***
5914   0.29193855  0.03494824   8.3535 < 2.2e-16 ***
5915   0.18768865  0.02683193   6.9950 2.653e-12 ***
5954   0.02899078  0.02768010   1.0474 0.2949376    
5958  -0.05882131  0.02694198  -2.1833 0.0290168 *  
5962   0.01146039  0.02688729   0.4262 0.6699342    
5966  -0.17904965  0.02691354  -6.6528 2.876e-11 ***
5970   0.05304397  0.02693332   1.9695 0.0489008 *  
5974   0.10958826  0.02683085   4.0844 4.419e-05 ***
5978   0.13312859  0.02683648   4.9607 7.023e-07 ***
6411   0.12520475  0.02766629   4.5255 6.024e-06 ***
6412   0.14764354  0.02771251   5.3277 9.947e-08 ***
6413   0.11999366  0.03495508   3.4328 0.0005974 ***
6414   0.16455360  0.02688439   6.1208 9.311e-10 ***
6431   0.14393546  0.02692266   5.3463 8.979e-08 ***
6432   0.24904011  0.02683580   9.2801 < 2.2e-16 ***
6433   0.16218307  0.02689995   6.0291 1.649e-09 ***
6434   0.07912132  0.02685282   2.9465 0.0032141 ** 
6435   0.07146546  0.02681460   2.6652 0.0076949 ** 
6436   0.15969128  0.02688361   5.9401 2.849e-09 ***
6437  -0.00502875  0.02687326  -0.1871 0.8515600    
6438   0.14702471  0.02768915   5.3098 1.097e-07 ***
6439   0.09950747  0.02687878   3.7021 0.0002138 ***
6440   0.17495171  0.02682220   6.5226 6.908e-11 ***
6531   0.15460554  0.02681185   5.7663 8.102e-09 ***
6532   0.12655742  0.02765938   4.5756 4.749e-06 ***
6533   0.07131235  0.02680750   2.6602 0.0078102 ** 
6534   0.16310109  0.02683674   6.0775 1.220e-09 ***
6535   0.14263407  0.02685291   5.3117 1.086e-07 ***
6611   0.13178502  0.03069666   4.2931 1.762e-05 ***
6631   0.10049610  0.02686537   3.7407 0.0001835 ***
6632   0.09233568  0.02687275   3.4360 0.0005903 ***
6633   0.15703760  0.02686279   5.8459 5.038e-09 ***
6634   0.17282724  0.02684102   6.4389 1.203e-10 ***
6635   0.15453401  0.02692542   5.7393 9.505e-09 ***
6636   0.14398230  0.02687259   5.3580 8.417e-08 ***
7132   0.05357642  0.03193144   1.6779 0.0933748 .  
7134  -0.03397699  0.03498717  -0.9711 0.3314850    
7137   0.07170909  0.02961770   2.4212 0.0154712 *  
7138   0.12196447  0.03066492   3.9773 6.969e-05 ***
7140   0.06625281  0.03335585   1.9862 0.0470064 *  
7141   0.08165856  0.02766263   2.9519 0.0031578 ** 
7143   0.10223575  0.02856191   3.5794 0.0003443 ***
7231   0.05218939  0.02684334   1.9442 0.0518688 .  
7232   0.03563217  0.02687715   1.3257 0.1849251    
7235   0.04903474  0.02681808   1.8284 0.0674864 .  
7333   0.02926625  0.02954651   0.9905 0.3219227    
7336  -0.03075834  0.02680879  -1.1473 0.2512481    
7340   0.03388950  0.02852713   1.1880 0.2348434    
8115   0.07583855  0.03063124   2.4759 0.0132917 *  
8116   0.08306813  0.02681075   3.0983 0.0019462 ** 
8117   0.12780572  0.02768284   4.6168 3.897e-06 ***
8118   0.13649301  0.02682010   5.0892 3.596e-07 ***
8119   0.05414534  0.02681700   2.0191 0.0434801 *  
8125   0.07575837  0.02683390   2.8232 0.0047542 ** 
8126   0.08500298  0.02684085   3.1669 0.0015406 ** 
8127   0.03496391  0.02683059   1.3031 0.1925283    
8128   0.04380188  0.02685264   1.6312 0.1028494    
8135   0.04501478  0.03196129   1.4084 0.1590080    
8136   0.05546041  0.02685360   2.0653 0.0388958 *  
8215   0.04118340  0.03193418   1.2896 0.1971778    
8216   0.03912688  0.03197091   1.2238 0.2210172    
8225   0.00232165  0.02683063   0.0865 0.9310454    
8226   0.04188294  0.02688568   1.5578 0.1192769    
8235  -0.00096823  0.03192989  -0.0303 0.9758091    
8236   0.12217141  0.02678959   4.5604 5.105e-06 ***
8237   0.05469605  0.02686525   2.0359 0.0417563 *  
8315   0.03395125  0.03195055   1.0626 0.2879550    
8316   0.07687428  0.03501471   2.1955 0.0281288 *  
8317   0.04549144  0.02961749   1.5360 0.1245469    
8325  -0.00260883  0.02687968  -0.0971 0.9226821    
8326   0.08175686  0.03204864   2.5510 0.0107407 *  
8327   0.05989398  0.02777271   2.1566 0.0310387 *  
8335   0.04055544  0.02681996   1.5121 0.1304992    
8336   0.10394180  0.03194099   3.2542 0.0011372 ** 
8337   0.02806651  0.02684312   1.0456 0.2957570    
8415  -0.06224034  0.02772361  -2.2450 0.0247662 *  
8416   0.04399198  0.03188283   1.3798 0.1676478    
8417  -0.00928426  0.02686153  -0.3456 0.7296176    
8425   0.07012388  0.02686297   2.6104 0.0090429 ** 
8426   0.10036275  0.02685892   3.7367 0.0001865 ***
8435   0.14669986  0.03194629   4.5921 4.389e-06 ***
8436   0.04292418  0.02689355   1.5961 0.1104716    
8437   0.05433099  0.02689365   2.0202 0.0433610 *  
9161   0.09976228  0.02683159   3.7181 0.0002007 ***
9162   0.14308364  0.02689571   5.3199 1.038e-07 ***
9163   0.15888369  0.02709969   5.8629 4.548e-09 ***
9171   0.16909565  0.02690086   6.2859 3.260e-10 ***
9172   0.19163026  0.02717670   7.0513 1.773e-12 ***
9173  -0.00544585  0.02712336  -0.2008 0.8408699    
9174   0.07366433  0.02682180   2.7464 0.0060247 ** 
9175   0.16195950  0.02693000   6.0141 1.809e-09 ***
9176   0.15513032  0.02683064   5.7818 7.389e-09 ***
9177   0.18765550  0.02683922   6.9918 2.713e-12 ***
9178   0.07625178  0.02681387   2.8437 0.0044587 ** 
9179   0.15649191  0.02687730   5.8225 5.799e-09 ***
9181   0.12583438  0.02691038   4.6761 2.924e-06 ***
9182   0.13668558  0.02713084   5.0380 4.704e-07 ***
9183   0.20092357  0.02687705   7.4757 7.683e-14 ***
9184   0.08784225  0.02691082   3.2642 0.0010977 ** 
9185   0.14751427  0.02681429   5.5013 3.769e-08 ***
9186   0.13495481  0.02680594   5.0345 4.791e-07 ***
9187   0.21471771  0.02700219   7.9519 1.776e-15 ***
9188   0.08604907  0.02699514   3.1876 0.0014347 ** 
9189   0.15161706  0.02696427   5.6229 1.878e-08 ***
9190   0.21972233  0.02710839   8.1053 4.441e-16 ***
9261   0.17109096  0.02680896   6.3819 1.750e-10 ***
9262   0.15219323  0.02691178   5.6553 1.556e-08 ***
9263   0.19715378  0.02680562   7.3549 1.910e-13 ***
9271   0.17318867  0.02683982   6.4527 1.099e-10 ***
9272   0.06992732  0.02694332   2.5953 0.0094495 ** 
9273   0.14129849  0.02682789   5.2669 1.388e-07 ***
9274   0.17562203  0.02680679   6.5514 5.700e-11 ***
9275   0.15292370  0.02684345   5.6969 1.220e-08 ***
9276   0.04752287  0.02691534   1.7656 0.0774558 .  
9277   0.19310561  0.02685823   7.1898 6.488e-13 ***
9278   0.13104773  0.02680221   4.8894 1.011e-06 ***
9279   0.16381952  0.02682112   6.1079 1.010e-09 ***
9361   0.10853428  0.02685828   4.0410 5.322e-05 ***
9362   0.14869140  0.02685593   5.5366 3.083e-08 ***
9363   0.09640018  0.02685104   3.5902 0.0003304 ***
9371   0.12032935  0.02685326   4.4810 7.430e-06 ***
9372   0.13224492  0.02684443   4.9263 8.378e-07 ***
9373   0.09576386  0.02688097   3.5625 0.0003673 ***
9374   0.06877643  0.02686431   2.5601 0.0104630 *  
9375   0.10507696  0.02681295   3.9189 8.896e-05 ***
9376   0.08232394  0.02683850   3.0674 0.0021594 ** 
9377   0.11687588  0.02696454   4.3344 1.461e-05 ***
9461   0.06975072  0.02959626   2.3567 0.0184361 *  
9462   0.09425981  0.02688510   3.5060 0.0004549 ***
9463   0.09240348  0.02685313   3.4411 0.0005794 ***
9464   0.05259817  0.02699397   1.9485 0.0513533 .  
9471   0.05809610  0.02685560   2.1633 0.0305199 *  
9472   0.07777969  0.02689431   2.8920 0.0038274 ** 
9473   0.06446429  0.02686721   2.3994 0.0164235 *  
9474   0.09977248  0.02685726   3.7149 0.0002033 ***
9475   0.05796543  0.02703238   2.1443 0.0320092 *  
9476  -0.01469283  0.02694644  -0.5453 0.5855745    
9477   0.15999596  0.02690998   5.9456 2.754e-09 ***
9478   0.08703554  0.02688110   3.2378 0.0012046 ** 
9479   0.04748676  0.02703121   1.7567 0.0789625 .  
9561   0.14663738  0.02687215   5.4569 4.846e-08 ***
9562   0.02853495  0.02686947   1.0620 0.2882429    
9563   0.03500829  0.02686946   1.3029 0.1926080    
9564   0.06897970  0.02685784   2.5683 0.0102191 *  
9565   0.08226114  0.02687218   3.0612 0.0022045 ** 
9571   0.10062111  0.02685124   3.7474 0.0001787 ***
9572   0.02164116  0.02686059   0.8057 0.4204249    
9573   0.02420745  0.02687868   0.9006 0.3677909    
9574   0.08004611  0.02689374   2.9764 0.0029167 ** 
9575   0.08082636  0.02686221   3.0089 0.0026217 ** 
9576   0.08742530  0.02684529   3.2566 0.0011274 ** 
9577   0.13506964  0.02684912   5.0307 4.887e-07 ***
9661   0.10647023  0.02685859   3.9641 7.367e-05 ***
9662   0.04323862  0.02690493   1.6071 0.1080348    
9663   0.19075411  0.02690984   7.0886 1.354e-12 ***
9671   0.10718742  0.02684504   3.9928 6.529e-05 ***
9672   0.02298622  0.02686479   0.8556 0.3922045    
9673   0.05824448  0.02686246   2.1682 0.0301398 *  
9674   0.06322068  0.02688385   2.3516 0.0186917 *  
9675   0.06642066  0.02690045   2.4691 0.0135443 *  
9676   0.08338439  0.02682743   3.1082 0.0018825 ** 
9677   0.09128571  0.02685726   3.3989 0.0006765 ***
9678   0.09073721  0.02688488   3.3750 0.0007381 ***
9679   0.19064283  0.02686502   7.0963 1.281e-12 ***
9761   0.20138672  0.02685599   7.4988 6.439e-14 ***
9762   0.19974646  0.02710891   7.3683 1.728e-13 ***
9764   0.17973282  0.02694197   6.6711 2.539e-11 ***
9771   0.16022213  0.02683826   5.9699 2.374e-09 ***
9772   0.18554850  0.02684166   6.9127 4.755e-12 ***
9773   0.17043838  0.02683111   6.3523 2.122e-10 ***
9774   0.19637007  0.02683260   7.3183 2.511e-13 ***
9775   0.18218599  0.02687460   6.7791 1.209e-11 ***
9777   0.18590317  0.02698626   6.8888 5.626e-12 ***
9778   0.17847970  0.02691612   6.6310 3.335e-11 ***
9779   0.14246423  0.02682421   5.3110 1.090e-07 ***
10041  0.01658085  0.02680406   0.6186 0.5361833    
10042  0.03749987  0.02681539   1.3984 0.1619792    
10043  0.00215877  0.02681120   0.0805 0.9358258    
10044  0.01980671  0.02680473   0.7389 0.4599520    
10045 -0.03208747  0.02681125  -1.1968 0.2313880    
10046 -0.01812896  0.02682151  -0.6759 0.4990970    
12053 -0.20275562  0.02773545  -7.3103 2.665e-13 ***
12060 -0.38389763  0.02685326 -14.2961 < 2.2e-16 ***
12061 -0.36625829  0.02692039 -13.6052 < 2.2e-16 ***
12062 -0.33421363  0.02690992 -12.4197 < 2.2e-16 ***
12063 -0.29075399  0.02691493 -10.8027 < 2.2e-16 ***
12064 -0.25320921  0.02688619  -9.4178 < 2.2e-16 ***
12065 -0.32880869  0.02686407 -12.2397 < 2.2e-16 ***
12066 -0.26461531  0.02691324  -9.8322 < 2.2e-16 ***
12067 -0.38873979  0.02691406 -14.4437 < 2.2e-16 ***
12068 -0.26656132  0.02690582  -9.9072 < 2.2e-16 ***
12069 -0.32724184  0.02687423 -12.1768 < 2.2e-16 ***
12070 -0.26425148  0.02683521  -9.8472 < 2.2e-16 ***
12071 -0.35918594  0.02692120 -13.3421 < 2.2e-16 ***
12072 -0.34370636  0.02692899 -12.7634 < 2.2e-16 ***
12073 -0.24647139  0.02690970  -9.1592 < 2.2e-16 ***
13051 -0.17149436  0.03196407  -5.3652 8.085e-08 ***
13052 -0.09571874  0.03191439  -2.9992 0.0027066 ** 
13053 -0.22141772  0.03191965  -6.9367 4.013e-12 ***
13054 -0.26563779  0.03192575  -8.3205 < 2.2e-16 ***
13055 -0.22966763  0.03195089  -7.1881 6.568e-13 ***
13056 -0.28963063  0.03189596  -9.0805 < 2.2e-16 ***
13057 -0.14702673  0.03190172  -4.6087 4.051e-06 ***
13058 -0.11880024  0.03190768  -3.7232 0.0001967 ***
13059 -0.18008961  0.03191841  -5.6422 1.679e-08 ***
13060 -0.26425907  0.03192218  -8.2782 2.220e-16 ***
13061 -0.14024695  0.03192426  -4.3931 1.117e-05 ***
13062 -0.15815602  0.03196417  -4.9479 7.501e-07 ***
14511 -0.03348904  0.03198264  -1.0471 0.2950532    
14521 -0.13229116  0.02705463  -4.8898 1.009e-06 ***
14522 -0.00063905  0.02685945  -0.0238 0.9810183    
14523 -0.12059128  0.02692112  -4.4794 7.484e-06 ***
14524 -0.02522478  0.02688961  -0.9381 0.3481999    
14625 -0.08798166  0.02686439  -3.2750 0.0010565 ** 
14626 -0.03935258  0.02687674  -1.4642 0.1431428    
14627 -0.11859739  0.02688167  -4.4118 1.025e-05 ***
14628 -0.11917620  0.02960892  -4.0250 5.697e-05 ***
14713 -0.01528053  0.02773877  -0.5509 0.5817209    
14729 -0.05807887  0.02689027  -2.1598 0.0307845 *  
14730 -0.13814006  0.02687457  -5.1402 2.745e-07 ***
15001 -0.15627101  0.03686164  -4.2394 2.241e-05 ***
15081 -0.26537409  0.02682329  -9.8934 < 2.2e-16 ***
15082 -0.13660758  0.03497967  -3.9053 9.409e-05 ***
15083  0.01333611  0.03491749   0.3819 0.7025117    
15084  0.02511274  0.03496783   0.7182 0.4726543    
15085  0.01519338  0.03494195   0.4348 0.6636946    
15086 -0.28431495  0.03493085  -8.1394 4.441e-16 ***
15087  0.04241513  0.03499664   1.2120 0.2255211    
15088 -0.06432889  0.03494509  -1.8409 0.0656426 .  
15089 -0.05699883  0.03498241  -1.6294 0.1032376    
15090 -0.24300711  0.02684340  -9.0528 < 2.2e-16 ***
15091 -0.29526829  0.03496528  -8.4446 < 2.2e-16 ***
16051 -0.09607366  0.03688764  -2.6045 0.0092010 ** 
16056 -0.01834697  0.03192823  -0.5746 0.5655404    
16061  0.00263890  0.02687930   0.0982 0.9217928    
16062  0.02679749  0.02688607   0.9967 0.3189076    
16063  0.00409685  0.02686459   0.1525 0.8787925    
16064  0.00045008  0.02688458   0.0167 0.9866432    
16065 -0.07725842  0.02689614  -2.8725 0.0040727 ** 
16066 -0.19852860  0.02686252  -7.3905 1.463e-13 ***
16067  0.00058557  0.02688742   0.0218 0.9826245    
16068  0.00509004  0.02686889   0.1894 0.8497481    
16069 -0.17924539  0.02686566  -6.6719 2.525e-11 ***
16070 -0.19340496  0.02692379  -7.1834 6.799e-13 ***
16071  0.04708356  0.02685998   1.7529 0.0796147 .  
16072 -0.00850240  0.02772940  -0.3066 0.7591323    
16073 -0.14948538  0.02690943  -5.5551 2.774e-08 ***
16074 -0.00581460  0.02686369  -0.2164 0.8286383    
16075 -0.10169771  0.02690820  -3.7794 0.0001572 ***
16076 -0.01438284  0.02686698  -0.5353 0.5924182    
16077  0.09021632  0.02689778   3.3540 0.0007964 ***
---
Signif. codes:  0 ‘***’ 0.001 ‘**’ 0.01 ‘*’ 0.05 ‘.’ 0.1 ‘ ’ 1
